entity_id,key,type,start,end,n_points,detail
Rat_office_Colby,power_active_kw,data_missing,2016-03-13 02:00:00,2016-03-13 02:00:00,1,
Rat_office_Colby,power_active_kw,data_missing,2016-11-06 00:00:00,2016-11-06 00:00:00,1,
Rat_office_Colby,power_active_kw,data_missing,2017-03-12 02:00:00,2017-03-12 02:00:00,1,
Rat_office_Colby,power_active_kw,data_missing,2017-11-05 01:00:00,2017-11-05 01:00:00,1,
Bull_office_Chantel,power_active_kw,data_missing,2016-01-01 00:00:00,2016-01-01 00:00:00,1,
Bull_office_Chantel,power_active_kw,stuck_sensor,2016-01-02 00:00:00,2016-01-02 02:00:00,3,value=89
Bull_office_Chantel,power_active_kw,stuck_sensor,2016-01-10 17:00:00,2016-01-10 19:00:00,3,value=100
Bull_office_Chantel,power_active_kw,stuck_sensor,2016-01-10 23:00:00,2016-01-11 01:00:00,3,value=98
Bull_office_Chantel,power_active_kw,stuck_sensor,2016-01-14 02:00:00,2016-01-14 04:00:00,3,value=95
Bull_office_Chantel,power_active_kw,stuck_sensor,2016-01-17 23:00:00,2016-01-18 03:00:00,5,value=110
Bull_office_Chantel,power_active_kw,data_missing,2016-01-20 00:00:00,2016-01-20 11:00:00,12,
Bull_office_Chantel,power_active_kw,stuck_sensor,2016-01-21 12:00:00,2016-01-21 15:00:00,4,value=154
Bull_office_Chantel,power_active_kw,data_missing,2016-01-25 10:00:00,2016-01-26 00:00:00,15,
Bull_office_Chantel,power_active_kw,data_missing,2016-01-26 02:00:00,2016-01-26 08:00:00,7,
Bull_office_Chantel,power_active_kw,stuck_sensor,2016-01-27 12:00:00,2016-01-27 14:00:00,3,value=148
Bull_office_Chantel,power_active_kw,stuck_sensor,2016-01-28 01:00:00,2016-01-28 03:00:00,3,value=102
Bull_office_Chantel,power_active_kw,stuck_sensor,2016-01-29 12:00:00,2016-01-29 15:00:00,4,value=141
Bull_office_Chantel,power_active_kw,data_missing,2016-02-03 12:00:00,2016-02-03 12:00:00,1,
Bull_office_Chantel,power_active_kw,stuck_sensor,2016-02-04 01:00:00,2016-02-04 03:00:00,3,value=99
Bull_office_Chantel,power_active_kw,stuck_sensor,2016-02-12 11:00:00,2016-02-12 13:00:00,3,value=156
Bull_office_Chantel,power_active_kw,stuck_sensor,2016-02-19 00:00:00,2016-02-19 02:00:00,3,value=113
Bull_office_Chantel,power_active_kw,stuck_sensor,2016-02-21 13:00:00,2016-02-21 15:00:00,3,value=110
Bull_office_Chantel,power_active_kw,data_missing,2016-02-23 09:00:00,2016-02-24 11:00:00,27,
Bull_office_Chantel,power_active_kw,data_missing,2016-02-25 20:00:00,2016-02-26 08:00:00,13,
Bull_office_Chantel,power_active_kw,stuck_sensor,2016-03-06 02:00:00,2016-03-06 04:00:00,3,value=113
Bull_office_Chantel,power_active_kw,data_missing,2016-03-13 03:00:00,2016-03-13 03:00:00,1,
Bull_office_Chantel,power_active_kw,stuck_sensor,2016-03-18 04:00:00,2016-03-18 06:00:00,3,value=110
Bull_office_Chantel,power_active_kw,stuck_sensor,2016-03-20 22:00:00,2016-03-21 01:00:00,4,value=106
Bull_office_Chantel,power_active_kw,data_missing,2016-03-30 03:00:00,2016-03-30 10:00:00,8,
Bull_office_Chantel,power_active_kw,stuck_sensor,2016-04-10 03:00:00,2016-04-10 05:00:00,3,value=116
Bull_office_Chantel,power_active_kw,stuck_sensor,2016-04-19 14:00:00,2016-04-19 16:00:00,3,value=164
Bull_office_Chantel,power_active_kw,stuck_sensor,2016-04-24 00:00:00,2016-04-24 02:00:00,3,value=117
Bull_office_Chantel,power_active_kw,stuck_sensor,2016-05-01 18:00:00,2016-05-01 20:00:00,3,value=120
Bull_office_Chantel,power_active_kw,stuck_sensor,2016-05-05 11:00:00,2016-05-05 13:00:00,3,value=131
Bull_office_Chantel,power_active_kw,data_missing,2016-05-11 12:00:00,2016-05-11 14:00:00,3,
Bull_office_Chantel,power_active_kw,data_missing,2016-05-11 21:00:00,2016-05-11 22:00:00,2,
Bull_office_Chantel,power_active_kw,stuck_sensor,2016-05-16 11:00:00,2016-05-16 14:00:00,4,value=138
Bull_office_Chantel,power_active_kw,stuck_sensor,2016-06-14 12:00:00,2016-06-14 14:00:00,3,value=172
Bull_office_Chantel,power_active_kw,stuck_sensor,2016-06-19 14:00:00,2016-06-19 16:00:00,3,value=106
Bull_office_Chantel,power_active_kw,stuck_sensor,2016-06-24 03:00:00,2016-06-24 05:00:00,3,value=112
Bull_office_Chantel,power_active_kw,data_missing,2016-07-01 15:00:00,2016-07-05 05:00:00,87,
Bull_office_Chantel,power_active_kw,stuck_sensor,2016-07-06 10:00:00,2016-07-06 12:00:00,3,value=153
Bull_office_Chantel,power_active_kw,stuck_sensor,2016-07-14 17:00:00,2016-07-14 19:00:00,3,value=154
Bull_office_Chantel,power_active_kw,stuck_sensor,2016-07-22 09:00:00,2016-07-22 11:00:00,3,value=152
Bull_office_Chantel,power_active_kw,stuck_sensor,2016-07-22 20:00:00,2016-07-22 22:00:00,3,value=124
Bull_office_Chantel,power_active_kw,stuck_sensor,2016-07-30 13:00:00,2016-07-30 15:00:00,3,value=145
Bull_office_Chantel,power_active_kw,stuck_sensor,2016-08-07 01:00:00,2016-08-07 03:00:00,3,value=118
Bull_office_Chantel,power_active_kw,stuck_sensor,2016-09-13 20:00:00,2016-09-13 22:00:00,3,value=178
Bull_office_Chantel,power_active_kw,stuck_sensor,2016-09-16 00:00:00,2016-09-16 02:00:00,3,value=133
Bull_office_Chantel,power_active_kw,stuck_sensor,2016-09-18 03:00:00,2016-09-18 05:00:00,3,value=132
Bull_office_Chantel,power_active_kw,stuck_sensor,2016-10-01 04:00:00,2016-10-01 06:00:00,3,value=112
Bull_office_Chantel,power_active_kw,data_missing,2016-10-14 23:00:00,2016-10-17 07:00:00,57,
Bull_office_Chantel,power_active_kw,stuck_sensor,2016-10-30 12:00:00,2016-10-30 14:00:00,3,value=156
Bull_office_Chantel,power_active_kw,stuck_sensor,2016-11-13 02:00:00,2016-11-13 04:00:00,3,value=130
Bull_office_Chantel,power_active_kw,stuck_sensor,2016-11-24 03:00:00,2016-11-24 05:00:00,3,value=114
Bull_office_Chantel,power_active_kw,stuck_sensor,2016-11-30 12:00:00,2016-11-30 14:00:00,3,value=150
Bull_office_Chantel,power_active_kw,stuck_sensor,2016-12-09 02:00:00,2016-12-09 04:00:00,3,value=104
Bull_office_Chantel,power_active_kw,stuck_sensor,2016-12-15 02:00:00,2016-12-15 04:00:00,3,value=107
Bull_office_Chantel,power_active_kw,stuck_sensor,2016-12-24 19:00:00,2016-12-24 21:00:00,3,value=95
Bull_office_Chantel,power_active_kw,data_missing,2016-12-28 00:00:00,2017-01-02 10:00:00,131,
Bull_office_Chantel,power_active_kw,stuck_sensor,2017-01-20 00:00:00,2017-01-20 03:00:00,4,value=117
Bull_office_Chantel,power_active_kw,stuck_sensor,2017-01-27 12:00:00,2017-01-27 14:00:00,3,value=159
Bull_office_Chantel,power_active_kw,stuck_sensor,2017-01-28 09:00:00,2017-01-28 11:00:00,3,value=122
Bull_office_Chantel,power_active_kw,stuck_sensor,2017-02-05 04:00:00,2017-02-05 06:00:00,3,value=106
Bull_office_Chantel,power_active_kw,stuck_sensor,2017-02-12 03:00:00,2017-02-12 05:00:00,3,value=97
Bull_office_Chantel,power_active_kw,stuck_sensor,2017-02-24 01:00:00,2017-02-24 04:00:00,4,value=128
Bull_office_Chantel,power_active_kw,stuck_sensor,2017-02-26 03:00:00,2017-02-26 06:00:00,4,value=136
Bull_office_Chantel,power_active_kw,stuck_sensor,2017-02-26 12:00:00,2017-02-26 14:00:00,3,value=170
Bull_office_Chantel,power_active_kw,stuck_sensor,2017-02-26 23:00:00,2017-02-27 01:00:00,3,value=146
Bull_office_Chantel,power_active_kw,stuck_sensor,2017-03-09 11:00:00,2017-03-09 13:00:00,3,value=160
Bull_office_Chantel,power_active_kw,data_missing,2017-03-12 03:00:00,2017-03-12 03:00:00,1,
Bull_office_Chantel,power_active_kw,stuck_sensor,2017-03-12 06:00:00,2017-03-12 08:00:00,3,value=102
Bull_office_Chantel,power_active_kw,stuck_sensor,2017-03-13 15:00:00,2017-03-13 17:00:00,3,value=114
Bull_office_Chantel,power_active_kw,stuck_sensor,2017-03-14 02:00:00,2017-03-14 04:00:00,3,value=110
Bull_office_Chantel,power_active_kw,stuck_sensor,2017-04-02 17:00:00,2017-04-02 19:00:00,3,value=130
Bull_office_Chantel,power_active_kw,stuck_sensor,2017-04-09 02:00:00,2017-04-09 04:00:00,3,value=127
Bull_office_Chantel,power_active_kw,stuck_sensor,2017-04-12 09:00:00,2017-04-12 11:00:00,3,value=153
Bull_office_Chantel,power_active_kw,data_missing,2017-04-20 06:00:00,2017-04-20 06:00:00,1,
Bull_office_Chantel,power_active_kw,stuck_sensor,2017-04-25 00:00:00,2017-04-25 02:00:00,3,value=105
Bull_office_Chantel,power_active_kw,stuck_sensor,2017-05-01 17:00:00,2017-05-01 19:00:00,3,value=135
Bull_office_Chantel,power_active_kw,stuck_sensor,2017-05-04 03:00:00,2017-05-04 05:00:00,3,value=109
Bull_office_Chantel,power_active_kw,stuck_sensor,2017-05-22 00:00:00,2017-05-22 02:00:00,3,value=117
Bull_office_Chantel,power_active_kw,stuck_sensor,2017-05-24 15:00:00,2017-05-24 17:00:00,3,value=142
Bull_office_Chantel,power_active_kw,data_missing,2017-06-24 17:00:00,2017-06-24 20:00:00,4,
Bull_office_Chantel,power_active_kw,stuck_sensor,2017-06-26 12:00:00,2017-06-26 15:00:00,4,value=169
Bull_office_Chantel,power_active_kw,stuck_sensor,2017-07-15 00:00:00,2017-07-15 02:00:00,3,value=133
Bull_office_Chantel,power_active_kw,stuck_sensor,2017-07-16 04:00:00,2017-07-16 06:00:00,3,value=132
Bull_office_Chantel,power_active_kw,data_missing,2017-08-08 11:00:00,2017-08-08 12:00:00,2,
Bull_office_Chantel,power_active_kw,stuck_sensor,2017-09-12 09:00:00,2017-09-12 11:00:00,3,value=218
Bull_office_Chantel,power_active_kw,stuck_sensor,2017-09-16 21:00:00,2017-09-16 23:00:00,3,value=160
Bull_office_Chantel,power_active_kw,stuck_sensor,2017-09-26 12:00:00,2017-09-26 14:00:00,3,value=224
Bull_office_Chantel,power_active_kw,stuck_sensor,2017-10-11 10:00:00,2017-10-11 12:00:00,3,value=217
Bull_office_Chantel,power_active_kw,stuck_sensor,2017-10-11 14:00:00,2017-10-11 16:00:00,3,value=220
Bull_office_Chantel,power_active_kw,stuck_sensor,2017-10-13 16:00:00,2017-10-13 18:00:00,3,value=179
Bull_office_Chantel,power_active_kw,data_missing,2017-11-20 10:00:00,2017-11-20 10:00:00,1,
Bull_office_Chantel,power_active_kw,stuck_sensor,2017-11-23 02:00:00,2017-11-23 04:00:00,3,value=148
Bull_office_Chantel,power_active_kw,data_missing,2017-11-24 04:00:00,2017-11-24 04:00:00,1,
Bull_office_Chantel,power_active_kw,data_missing,2017-11-24 06:00:00,2017-11-24 09:00:00,4,
Bull_office_Chantel,power_active_kw,data_missing,2017-11-24 22:00:00,2017-11-27 12:00:00,63,
Bull_office_Chantel,power_active_kw,data_missing,2017-12-07 22:00:00,2017-12-08 13:00:00,16,
Bull_office_Lilla,power_active_kw,data_missing,2016-01-01 00:00:00,2016-01-01 00:00:00,1,
Bull_office_Lilla,power_active_kw,data_missing,2016-01-20 00:00:00,2016-01-20 11:00:00,12,
Bull_office_Lilla,power_active_kw,data_missing,2016-01-25 10:00:00,2016-01-26 08:00:00,23,
Bull_office_Lilla,power_active_kw,data_missing,2016-02-03 12:00:00,2016-02-03 12:00:00,1,
Bull_office_Lilla,power_active_kw,stuck_sensor,2016-02-14 01:00:00,2016-02-14 03:00:00,3,value=389
Bull_office_Lilla,power_active_kw,data_missing,2016-02-25 20:00:00,2016-02-26 08:00:00,13,
Bull_office_Lilla,power_active_kw,data_missing,2016-03-13 03:00:00,2016-03-13 03:00:00,1,
Bull_office_Lilla,power_active_kw,stuck_sensor,2016-03-27 12:00:00,2016-03-27 14:00:00,3,value=481
Bull_office_Lilla,power_active_kw,data_missing,2016-03-30 03:00:00,2016-03-30 10:00:00,8,
Bull_office_Lilla,power_active_kw,stuck_sensor,2016-04-19 04:00:00,2016-04-19 06:00:00,3,value=408
Bull_office_Lilla,power_active_kw,data_missing,2016-05-11 12:00:00,2016-05-11 14:00:00,3,
Bull_office_Lilla,power_active_kw,data_missing,2016-05-11 21:00:00,2016-05-11 22:00:00,2,
Bull_office_Lilla,power_active_kw,stuck_sensor,2016-05-29 07:00:00,2016-05-29 09:00:00,3,value=388
Bull_office_Lilla,power_active_kw,stuck_sensor,2016-06-12 14:00:00,2016-06-12 16:00:00,3,value=469
Bull_office_Lilla,power_active_kw,stuck_sensor,2016-06-19 15:00:00,2016-06-19 17:00:00,3,value=468
Bull_office_Lilla,power_active_kw,data_missing,2016-07-01 15:00:00,2016-07-05 05:00:00,87,
Bull_office_Lilla,power_active_kw,stuck_sensor,2016-07-31 13:00:00,2016-07-31 15:00:00,3,value=455
Bull_office_Lilla,power_active_kw,stuck_sensor,2016-08-02 12:00:00,2016-08-02 14:00:00,3,value=550
Bull_office_Lilla,power_active_kw,data_missing,2016-10-14 23:00:00,2016-10-17 07:00:00,57,
Bull_office_Lilla,power_active_kw,data_missing,2017-03-12 03:00:00,2017-03-12 03:00:00,1,
Bull_office_Lilla,power_active_kw,stuck_sensor,2017-03-18 05:00:00,2017-03-18 07:00:00,3,value=394
Bull_office_Lilla,power_active_kw,stuck_sensor,2017-03-19 12:00:00,2017-03-19 14:00:00,3,value=490
Bull_office_Lilla,power_active_kw,data_missing,2017-04-20 06:00:00,2017-04-20 06:00:00,1,
Bull_office_Lilla,power_active_kw,stuck_sensor,2017-06-05 11:00:00,2017-06-05 13:00:00,3,value=543
Bull_office_Lilla,power_active_kw,stuck_sensor,2017-06-07 01:00:00,2017-06-07 03:00:00,3,value=349
Bull_office_Lilla,power_active_kw,stuck_sensor,2017-06-17 06:00:00,2017-06-17 08:00:00,3,value=358
Bull_office_Lilla,power_active_kw,stuck_sensor,2017-06-24 14:00:00,2017-06-24 17:00:00,4,value=444
Bull_office_Lilla,power_active_kw,stuck_sensor,2017-07-01 06:00:00,2017-07-01 09:00:00,4,value=344
Bull_office_Lilla,power_active_kw,data_missing,2017-08-08 12:00:00,2017-08-08 12:00:00,1,
Bull_office_Lilla,power_active_kw,stuck_sensor,2017-08-10 23:00:00,2017-08-11 01:00:00,3,value=365
Bull_office_Lilla,power_active_kw,data_missing,2017-10-02 16:00:00,2017-10-02 16:00:00,1,
Bull_office_Lilla,power_active_kw,stuck_sensor,2017-11-04 14:00:00,2017-11-04 16:00:00,3,value=474
Bull_office_Lilla,power_active_kw,data_missing,2017-11-20 10:00:00,2017-11-20 10:00:00,1,
Bull_office_Lilla,power_active_kw,data_missing,2017-11-24 04:00:00,2017-11-24 04:00:00,1,
Bull_office_Lilla,power_active_kw,data_missing,2017-11-24 06:00:00,2017-11-24 09:00:00,4,
Bull_office_Lilla,power_active_kw,data_missing,2017-11-24 22:00:00,2017-11-26 16:00:00,43,
Bull_office_Lilla,power_active_kw,data_missing,2017-11-26 18:00:00,2017-11-27 12:00:00,19,
Bull_office_Lilla,power_active_kw,data_missing,2017-12-07 22:00:00,2017-12-08 13:00:00,16,
Bull_office_Lilla,power_active_kw,stuck_sensor,2017-12-28 22:00:00,2017-12-29 00:00:00,3,value=447
Bull_office_Rob,power_active_kw,data_missing,2016-01-01 00:00:00,2016-01-01 00:00:00,1,
Bull_office_Rob,power_active_kw,stuck_sensor,2016-01-02 00:00:00,2016-01-02 02:00:00,3,value=178
Bull_office_Rob,power_active_kw,stuck_sensor,2016-01-02 20:00:00,2016-01-02 22:00:00,3,value=178
Bull_office_Rob,power_active_kw,stuck_sensor,2016-01-02 23:00:00,2016-01-03 01:00:00,3,value=176
Bull_office_Rob,power_active_kw,stuck_sensor,2016-01-03 04:00:00,2016-01-03 06:00:00,3,value=178
Bull_office_Rob,power_active_kw,stuck_sensor,2016-01-03 11:00:00,2016-01-03 13:00:00,3,value=142
Bull_office_Rob,power_active_kw,stuck_sensor,2016-01-10 02:00:00,2016-01-10 04:00:00,3,value=182
Bull_office_Rob,power_active_kw,stuck_sensor,2016-01-11 02:00:00,2016-01-11 04:00:00,3,value=183
Bull_office_Rob,power_active_kw,stuck_sensor,2016-01-16 04:00:00,2016-01-16 06:00:00,3,value=182
Bull_office_Rob,power_active_kw,stuck_sensor,2016-01-17 20:00:00,2016-01-17 22:00:00,3,value=191
Bull_office_Rob,power_active_kw,stuck_sensor,2016-01-19 02:00:00,2016-01-19 05:00:00,4,value=181
Bull_office_Rob,power_active_kw,data_missing,2016-01-20 00:00:00,2016-01-20 11:00:00,12,
Bull_office_Rob,power_active_kw,stuck_sensor,2016-01-24 16:00:00,2016-01-24 18:00:00,3,value=241
Bull_office_Rob,power_active_kw,data_missing,2016-01-25 10:00:00,2016-01-26 00:00:00,15,
Bull_office_Rob,power_active_kw,data_missing,2016-01-26 02:00:00,2016-01-26 08:00:00,7,
Bull_office_Rob,power_active_kw,data_missing,2016-02-03 12:00:00,2016-02-03 12:00:00,1,
Bull_office_Rob,power_active_kw,stuck_sensor,2016-02-04 12:00:00,2016-02-04 14:00:00,3,value=410
Bull_office_Rob,power_active_kw,stuck_sensor,2016-02-17 03:00:00,2016-02-17 05:00:00,3,value=189
Bull_office_Rob,power_active_kw,stuck_sensor,2016-02-22 02:00:00,2016-02-22 04:00:00,3,value=183
Bull_office_Rob,power_active_kw,data_missing,2016-02-23 09:00:00,2016-02-24 10:00:00,26,
Bull_office_Rob,power_active_kw,data_missing,2016-02-25 20:00:00,2016-02-26 07:00:00,12,
Bull_office_Rob,power_active_kw,stuck_sensor,2016-03-04 03:00:00,2016-03-04 05:00:00,3,value=191
Bull_office_Rob,power_active_kw,stuck_sensor,2016-03-12 20:00:00,2016-03-12 22:00:00,3,value=176
Bull_office_Rob,power_active_kw,data_missing,2016-03-13 03:00:00,2016-03-13 03:00:00,1,
Bull_office_Rob,power_active_kw,stuck_sensor,2016-03-14 02:00:00,2016-03-14 04:00:00,3,value=175
Bull_office_Rob,power_active_kw,stuck_sensor,2016-03-19 15:00:00,2016-03-19 17:00:00,3,value=217
Bull_office_Rob,power_active_kw,stuck_sensor,2016-03-20 21:00:00,2016-03-20 23:00:00,3,value=192
Bull_office_Rob,power_active_kw,stuck_sensor,2016-03-27 01:00:00,2016-03-27 03:00:00,3,value=175
Bull_office_Rob,power_active_kw,data_missing,2016-03-30 02:00:00,2016-03-30 09:00:00,8,
Bull_office_Rob,power_active_kw,stuck_sensor,2016-04-04 01:00:00,2016-04-04 04:00:00,4,value=190
Bull_office_Rob,power_active_kw,stuck_sensor,2016-04-18 03:00:00,2016-04-18 05:00:00,3,value=192
Bull_office_Rob,power_active_kw,stuck_sensor,2016-04-21 12:00:00,2016-04-21 14:00:00,3,value=391
Bull_office_Rob,power_active_kw,stuck_sensor,2016-04-25 03:00:00,2016-04-25 05:00:00,3,value=188
Bull_office_Rob,power_active_kw,stuck_sensor,2016-04-28 03:00:00,2016-04-28 05:00:00,3,value=201
Bull_office_Rob,power_active_kw,stuck_sensor,2016-05-01 03:00:00,2016-05-01 05:00:00,3,value=174
Bull_office_Rob,power_active_kw,stuck_sensor,2016-05-09 02:00:00,2016-05-09 05:00:00,4,value=187
Bull_office_Rob,power_active_kw,stuck_sensor,2016-05-11 03:00:00,2016-05-11 05:00:00,3,value=180
Bull_office_Rob,power_active_kw,data_missing,2016-05-11 12:00:00,2016-05-11 14:00:00,3,
Bull_office_Rob,power_active_kw,data_missing,2016-05-11 21:00:00,2016-05-11 22:00:00,2,
Bull_office_Rob,power_active_kw,stuck_sensor,2016-05-15 02:00:00,2016-05-15 06:00:00,5,value=179
Bull_office_Rob,power_active_kw,stuck_sensor,2016-05-31 03:00:00,2016-05-31 05:00:00,3,value=187
Bull_office_Rob,power_active_kw,stuck_sensor,2016-06-03 00:00:00,2016-06-03 02:00:00,3,value=188
Bull_office_Rob,power_active_kw,stuck_sensor,2016-06-05 14:00:00,2016-06-05 16:00:00,3,value=233
Bull_office_Rob,power_active_kw,stuck_sensor,2016-06-06 02:00:00,2016-06-06 04:00:00,3,value=183
Bull_office_Rob,power_active_kw,stuck_sensor,2016-06-13 02:00:00,2016-06-13 04:00:00,3,value=203
Bull_office_Rob,power_active_kw,stuck_sensor,2016-06-17 01:00:00,2016-06-17 04:00:00,4,value=195
Bull_office_Rob,power_active_kw,stuck_sensor,2016-06-18 22:00:00,2016-06-19 00:00:00,3,value=195
Bull_office_Rob,power_active_kw,stuck_sensor,2016-06-26 02:00:00,2016-06-26 06:00:00,5,value=193
Bull_office_Rob,power_active_kw,stuck_sensor,2016-06-29 03:00:00,2016-06-29 05:00:00,3,value=196
Bull_office_Rob,power_active_kw,data_missing,2016-07-01 15:00:00,2016-07-05 05:00:00,87,
Bull_office_Rob,power_active_kw,stuck_sensor,2016-07-11 03:00:00,2016-07-11 05:00:00,3,value=206
Bull_office_Rob,power_active_kw,stuck_sensor,2016-07-30 14:00:00,2016-07-30 16:00:00,3,value=271
Bull_office_Rob,power_active_kw,stuck_sensor,2016-07-31 04:00:00,2016-07-31 06:00:00,3,value=200
Bull_office_Rob,power_active_kw,stuck_sensor,2016-08-01 01:00:00,2016-08-01 04:00:00,4,value=206
Bull_office_Rob,power_active_kw,stuck_sensor,2016-09-05 23:00:00,2016-09-06 01:00:00,3,value=201
Bull_office_Rob,power_active_kw,data_missing,2016-10-14 23:00:00,2016-10-17 07:00:00,57,
Bull_office_Rob,power_active_kw,stuck_sensor,2016-10-23 04:00:00,2016-10-23 06:00:00,3,value=220
Bull_office_Rob,power_active_kw,stuck_sensor,2016-10-24 12:00:00,2016-10-24 14:00:00,3,value=414
Bull_office_Rob,power_active_kw,stuck_sensor,2016-10-30 02:00:00,2016-10-30 05:00:00,4,value=220
Bull_office_Rob,power_active_kw,stuck_sensor,2016-10-30 10:00:00,2016-10-30 12:00:00,3,value=229
Bull_office_Rob,power_active_kw,stuck_sensor,2016-10-30 16:00:00,2016-10-30 18:00:00,3,value=277
Bull_office_Rob,power_active_kw,stuck_sensor,2016-11-20 03:00:00,2016-11-20 06:00:00,4,value=195
Bull_office_Rob,power_active_kw,stuck_sensor,2016-11-25 20:00:00,2016-11-25 22:00:00,3,value=194
Bull_office_Rob,power_active_kw,stuck_sensor,2016-11-26 21:00:00,2016-11-26 23:00:00,3,value=191
Bull_office_Rob,power_active_kw,stuck_sensor,2016-11-28 03:00:00,2016-11-28 05:00:00,3,value=241
Bull_office_Rob,power_active_kw,stuck_sensor,2016-11-29 13:00:00,2016-11-29 15:00:00,3,value=391
Bull_office_Rob,power_active_kw,data_missing,2016-12-02 15:00:00,2016-12-05 13:00:00,71,
Bull_office_Rob,power_active_kw,stuck_sensor,2016-12-23 09:00:00,2016-12-23 13:00:00,5,value=150
Bull_office_Rob,power_active_kw,stuck_sensor,2016-12-23 19:00:00,2016-12-23 21:00:00,3,value=187
Bull_office_Rob,power_active_kw,stuck_sensor,2016-12-26 22:00:00,2016-12-27 00:00:00,3,value=191
Bull_office_Rob,power_active_kw,stuck_sensor,2016-12-27 02:00:00,2016-12-27 05:00:00,4,value=189
Bull_office_Rob,power_active_kw,stuck_sensor,2016-12-28 00:00:00,2016-12-28 02:00:00,3,value=192
Bull_office_Rob,power_active_kw,stuck_sensor,2016-12-28 12:00:00,2016-12-28 14:00:00,3,value=159
Bull_office_Rob,power_active_kw,stuck_sensor,2016-12-28 19:00:00,2016-12-28 21:00:00,3,value=190
Bull_office_Rob,power_active_kw,stuck_sensor,2016-12-29 09:00:00,2016-12-29 11:00:00,3,value=160
Bull_office_Rob,power_active_kw,stuck_sensor,2016-12-30 11:00:00,2016-12-30 13:00:00,3,value=162
Bull_office_Rob,power_active_kw,stuck_sensor,2016-12-31 09:00:00,2016-12-31 11:00:00,3,value=161
Bull_office_Rob,power_active_kw,stuck_sensor,2016-12-31 19:00:00,2016-12-31 21:00:00,3,value=192
Bull_office_Rob,power_active_kw,stuck_sensor,2017-01-02 03:00:00,2017-01-02 05:00:00,3,value=236
Bull_office_Rob,power_active_kw,stuck_sensor,2017-01-05 13:00:00,2017-01-05 15:00:00,3,value=382
Bull_office_Rob,power_active_kw,stuck_sensor,2017-01-07 19:00:00,2017-01-07 21:00:00,3,value=203
Bull_office_Rob,power_active_kw,stuck_sensor,2017-01-08 15:00:00,2017-01-08 17:00:00,3,value=217
Bull_office_Rob,power_active_kw,stuck_sensor,2017-01-11 03:00:00,2017-01-11 05:00:00,3,value=197
Bull_office_Rob,power_active_kw,stuck_sensor,2017-01-14 13:00:00,2017-01-14 15:00:00,3,value=214
Bull_office_Rob,power_active_kw,stuck_sensor,2017-01-15 01:00:00,2017-01-15 05:00:00,5,value=193
Bull_office_Rob,power_active_kw,stuck_sensor,2017-01-17 03:00:00,2017-01-17 05:00:00,3,value=189
Bull_office_Rob,power_active_kw,stuck_sensor,2017-01-23 00:00:00,2017-01-23 02:00:00,3,value=203
Bull_office_Rob,power_active_kw,stuck_sensor,2017-02-04 19:00:00,2017-02-04 21:00:00,3,value=202
Bull_office_Rob,power_active_kw,stuck_sensor,2017-02-06 02:00:00,2017-02-06 05:00:00,4,value=192
Bull_office_Rob,power_active_kw,stuck_sensor,2017-02-13 01:00:00,2017-02-13 03:00:00,3,value=184
Bull_office_Rob,power_active_kw,stuck_sensor,2017-02-19 02:00:00,2017-02-19 05:00:00,4,value=199
Bull_office_Rob,power_active_kw,stuck_sensor,2017-02-19 10:00:00,2017-02-19 12:00:00,3,value=213
Bull_office_Rob,power_active_kw,stuck_sensor,2017-03-04 23:00:00,2017-03-05 01:00:00,3,value=188
Bull_office_Rob,power_active_kw,stuck_sensor,2017-03-08 03:00:00,2017-03-08 05:00:00,3,value=192
Bull_office_Rob,power_active_kw,data_missing,2017-03-12 03:00:00,2017-03-12 03:00:00,1,
Bull_office_Rob,power_active_kw,stuck_sensor,2017-03-18 09:00:00,2017-03-18 11:00:00,3,value=203
Bull_office_Rob,power_active_kw,stuck_sensor,2017-03-26 03:00:00,2017-03-26 05:00:00,3,value=195
Bull_office_Rob,power_active_kw,stuck_sensor,2017-03-30 03:00:00,2017-03-30 05:00:00,3,value=203
Bull_office_Rob,power_active_kw,stuck_sensor,2017-04-08 15:00:00,2017-04-08 17:00:00,3,value=245
Bull_office_Rob,power_active_kw,stuck_sensor,2017-04-16 09:00:00,2017-04-16 11:00:00,3,value=206
Bull_office_Rob,power_active_kw,data_missing,2017-04-20 06:00:00,2017-04-20 06:00:00,1,
Bull_office_Rob,power_active_kw,stuck_sensor,2017-04-27 03:00:00,2017-04-27 05:00:00,3,value=234
Bull_office_Rob,power_active_kw,stuck_sensor,2017-05-14 03:00:00,2017-05-14 05:00:00,3,value=164
Bull_office_Rob,power_active_kw,stuck_sensor,2017-05-15 23:00:00,2017-05-16 01:00:00,3,value=234
Bull_office_Rob,power_active_kw,stuck_sensor,2017-05-18 12:00:00,2017-05-18 14:00:00,3,value=403
Bull_office_Rob,power_active_kw,stuck_sensor,2017-05-19 14:00:00,2017-05-19 16:00:00,3,value=389
Bull_office_Rob,power_active_kw,stuck_sensor,2017-05-21 17:00:00,2017-05-21 19:00:00,3,value=236
Bull_office_Rob,power_active_kw,stuck_sensor,2017-05-22 04:00:00,2017-05-22 06:00:00,3,value=297
Bull_office_Rob,power_active_kw,stuck_sensor,2017-05-29 02:00:00,2017-05-29 04:00:00,3,value=194
Bull_office_Rob,power_active_kw,stuck_sensor,2017-06-05 03:00:00,2017-06-05 05:00:00,3,value=184
Bull_office_Rob,power_active_kw,stuck_sensor,2017-06-11 03:00:00,2017-06-11 05:00:00,3,value=190
Bull_office_Rob,power_active_kw,stuck_sensor,2017-06-11 11:00:00,2017-06-11 13:00:00,3,value=220
Bull_office_Rob,power_active_kw,stuck_sensor,2017-06-11 15:00:00,2017-06-11 18:00:00,4,value=255
Bull_office_Rob,power_active_kw,stuck_sensor,2017-06-18 03:00:00,2017-06-18 05:00:00,3,value=201
Bull_office_Rob,power_active_kw,stuck_sensor,2017-06-19 02:00:00,2017-06-19 04:00:00,3,value=201
Bull_office_Rob,power_active_kw,stuck_sensor,2017-07-01 14:00:00,2017-07-01 16:00:00,3,value=266
Bull_office_Rob,power_active_kw,stuck_sensor,2017-07-04 03:00:00,2017-07-04 05:00:00,3,value=206
Bull_office_Rob,power_active_kw,stuck_sensor,2017-07-06 03:00:00,2017-07-06 05:00:00,3,value=209
Bull_office_Rob,power_active_kw,stuck_sensor,2017-07-15 04:00:00,2017-07-15 06:00:00,3,value=213
Bull_office_Rob,power_active_kw,stuck_sensor,2017-07-17 01:00:00,2017-07-17 03:00:00,3,value=215
Bull_office_Rob,power_active_kw,stuck_sensor,2017-07-23 01:00:00,2017-07-23 03:00:00,3,value=214
Bull_office_Rob,power_active_kw,stuck_sensor,2017-08-04 12:00:00,2017-08-04 14:00:00,3,value=384
Bull_office_Rob,power_active_kw,stuck_sensor,2017-08-06 01:00:00,2017-08-06 04:00:00,4,value=207
Bull_office_Rob,power_active_kw,data_missing,2017-08-08 11:00:00,2017-08-08 12:00:00,2,
Bull_office_Rob,power_active_kw,stuck_sensor,2017-08-11 13:00:00,2017-08-11 15:00:00,3,value=381
Bull_office_Rob,power_active_kw,stuck_sensor,2017-08-23 03:00:00,2017-08-23 05:00:00,3,value=210
Bull_office_Rob,power_active_kw,stuck_sensor,2017-08-26 08:00:00,2017-08-26 10:00:00,3,value=232
Bull_office_Rob,power_active_kw,stuck_sensor,2017-08-27 04:00:00,2017-08-27 06:00:00,3,value=193
Bull_office_Rob,power_active_kw,stuck_sensor,2017-08-29 03:00:00,2017-08-29 05:00:00,3,value=188
Bull_office_Rob,power_active_kw,stuck_sensor,2017-09-01 03:00:00,2017-09-01 05:00:00,3,value=204
Bull_office_Rob,power_active_kw,stuck_sensor,2017-09-04 02:00:00,2017-09-04 04:00:00,3,value=201
Bull_office_Rob,power_active_kw,stuck_sensor,2017-09-11 02:00:00,2017-09-11 04:00:00,3,value=190
Bull_office_Rob,power_active_kw,stuck_sensor,2017-10-01 10:00:00,2017-10-01 12:00:00,3,value=227
Bull_office_Rob,power_active_kw,stuck_sensor,2017-10-11 13:00:00,2017-10-11 16:00:00,4,value=368
Bull_office_Rob,power_active_kw,stuck_sensor,2017-10-12 12:00:00,2017-10-12 14:00:00,3,value=380
Bull_office_Rob,power_active_kw,stuck_sensor,2017-11-09 11:00:00,2017-11-09 14:00:00,4,value=399
Bull_office_Rob,power_active_kw,stuck_sensor,2017-11-17 12:00:00,2017-11-17 14:00:00,3,value=392
Bull_office_Rob,power_active_kw,stuck_sensor,2017-11-19 02:00:00,2017-11-19 05:00:00,4,value=198
Bull_office_Rob,power_active_kw,data_missing,2017-11-20 10:00:00,2017-11-20 10:00:00,1,
Bull_office_Rob,power_active_kw,data_missing,2017-11-24 04:00:00,2017-11-24 04:00:00,1,
Bull_office_Rob,power_active_kw,data_missing,2017-11-24 06:00:00,2017-11-24 09:00:00,4,
Bull_office_Rob,power_active_kw,data_missing,2017-11-24 22:00:00,2017-11-27 12:00:00,63,
Bull_office_Rob,power_active_kw,data_missing,2017-12-07 22:00:00,2017-12-08 13:00:00,16,
Bull_office_Rob,power_active_kw,stuck_sensor,2017-12-09 23:00:00,2017-12-10 01:00:00,3,value=234
Bull_office_Rob,power_active_kw,stuck_sensor,2017-12-10 02:00:00,2017-12-10 05:00:00,4,value=233
Bull_office_Rob,power_active_kw,stuck_sensor,2017-12-11 03:00:00,2017-12-11 05:00:00,3,value=235
Bull_office_Rob,power_active_kw,stuck_sensor,2017-12-16 03:00:00,2017-12-16 05:00:00,3,value=199
Bull_office_Rob,power_active_kw,stuck_sensor,2017-12-16 10:00:00,2017-12-16 12:00:00,3,value=219
Bull_office_Rob,power_active_kw,stuck_sensor,2017-12-17 10:00:00,2017-12-17 13:00:00,4,value=217
Bull_office_Rob,power_active_kw,stuck_sensor,2017-12-24 03:00:00,2017-12-24 05:00:00,3,value=195
Bull_office_Rob,power_active_kw,stuck_sensor,2017-12-24 14:00:00,2017-12-24 16:00:00,3,value=164
Bull_office_Rob,power_active_kw,stuck_sensor,2017-12-26 04:00:00,2017-12-26 06:00:00,3,value=197
Bull_office_Rob,power_active_kw,stuck_sensor,2017-12-28 19:00:00,2017-12-28 21:00:00,3,value=201
Eagle_office_Demetra,power_active_kw,stuck_sensor,2016-01-01 00:00:00,2016-01-01 02:00:00,3,value=69
Eagle_office_Demetra,power_active_kw,stuck_sensor,2016-01-01 05:00:00,2016-01-01 07:00:00,3,value=68
Eagle_office_Demetra,power_active_kw,data_missing,2016-01-13 23:00:00,2016-01-13 23:00:00,1,
Eagle_office_Demetra,power_active_kw,stuck_sensor,2016-01-24 05:00:00,2016-01-24 08:00:00,4,value=74
Eagle_office_Demetra,power_active_kw,data_missing,2016-01-28 06:00:00,2016-01-28 06:00:00,1,
Eagle_office_Demetra,power_active_kw,stuck_sensor,2016-02-16 05:00:00,2016-02-16 08:00:00,4,value=82
Eagle_office_Demetra,power_active_kw,stuck_sensor,2016-02-16 09:00:00,2016-02-16 11:00:00,3,value=78
Eagle_office_Demetra,power_active_kw,stuck_sensor,2016-02-17 05:00:00,2016-02-17 07:00:00,3,value=86
Eagle_office_Demetra,power_active_kw,stuck_sensor,2016-02-18 09:00:00,2016-02-18 11:00:00,3,value=79
Eagle_office_Demetra,power_active_kw,stuck_sensor,2016-02-22 07:00:00,2016-02-22 09:00:00,3,value=84
Eagle_office_Demetra,power_active_kw,stuck_sensor,2016-03-03 06:00:00,2016-03-03 08:00:00,3,value=83
Eagle_office_Demetra,power_active_kw,stuck_sensor,2016-03-04 06:00:00,2016-03-04 08:00:00,3,value=78
Eagle_office_Demetra,power_active_kw,data_missing,2016-03-09 21:00:00,2016-03-09 21:00:00,1,
Eagle_office_Demetra,power_active_kw,data_missing,2016-03-16 13:00:00,2016-03-16 13:00:00,1,
Eagle_office_Demetra,power_active_kw,stuck_sensor,2016-03-18 04:00:00,2016-03-18 06:00:00,3,value=79
Eagle_office_Demetra,power_active_kw,stuck_sensor,2016-03-19 21:00:00,2016-03-20 00:00:00,4,value=180
Eagle_office_Demetra,power_active_kw,stuck_sensor,2016-03-22 21:00:00,2016-03-23 09:00:00,13,value=177
Eagle_office_Demetra,power_active_kw,stuck_sensor,2016-04-06 05:00:00,2016-04-06 07:00:00,3,value=76
Eagle_office_Demetra,power_active_kw,stuck_sensor,2016-04-16 11:00:00,2016-04-16 16:00:00,6,value=186
Eagle_office_Demetra,power_active_kw,stuck_sensor,2016-04-23 06:00:00,2016-04-23 08:00:00,3,value=75
Eagle_office_Demetra,power_active_kw,stuck_sensor,2016-04-24 04:00:00,2016-04-24 06:00:00,3,value=76
Eagle_office_Demetra,power_active_kw,stuck_sensor,2016-04-28 14:00:00,2016-04-28 16:00:00,3,value=227
Eagle_office_Demetra,power_active_kw,stuck_sensor,2016-05-01 05:00:00,2016-05-01 07:00:00,3,value=65
Eagle_office_Demetra,power_active_kw,stuck_sensor,2016-05-04 01:00:00,2016-05-04 03:00:00,3,value=191
Eagle_office_Demetra,power_active_kw,stuck_sensor,2016-05-08 22:00:00,2016-05-09 00:00:00,3,value=161
Eagle_office_Demetra,power_active_kw,stuck_sensor,2016-05-09 14:00:00,2016-05-09 16:00:00,3,value=225
Eagle_office_Demetra,power_active_kw,stuck_sensor,2016-05-15 08:00:00,2016-05-15 10:00:00,3,value=85
Eagle_office_Demetra,power_active_kw,data_missing,2016-05-26 14:00:00,2016-05-26 14:00:00,1,
Eagle_office_Demetra,power_active_kw,stuck_sensor,2016-06-01 17:00:00,2016-06-01 19:00:00,3,value=202
Eagle_office_Demetra,power_active_kw,stuck_sensor,2016-06-05 22:00:00,2016-06-06 00:00:00,3,value=163
Eagle_office_Demetra,power_active_kw,stuck_sensor,2016-06-12 08:00:00,2016-06-12 10:00:00,3,value=58
Eagle_office_Demetra,power_active_kw,stuck_sensor,2016-06-15 07:00:00,2016-06-15 09:00:00,3,value=71
Eagle_office_Demetra,power_active_kw,stuck_sensor,2016-06-25 01:00:00,2016-06-25 03:00:00,3,value=181
Eagle_office_Demetra,power_active_kw,stuck_sensor,2016-06-26 15:00:00,2016-06-26 17:00:00,3,value=169
Eagle_office_Demetra,power_active_kw,stuck_sensor,2016-06-28 06:00:00,2016-06-28 08:00:00,3,value=74
Eagle_office_Demetra,power_active_kw,data_missing,2016-06-28 23:00:00,2016-06-29 21:00:00,23,
Eagle_office_Demetra,power_active_kw,stuck_sensor,2016-06-30 23:00:00,2016-07-01 10:00:00,12,value=174
Eagle_office_Demetra,power_active_kw,stuck_sensor,2016-07-01 11:00:00,2016-07-01 22:00:00,12,value=187
Eagle_office_Demetra,power_active_kw,data_missing,2016-07-01 23:00:00,2016-07-02 22:00:00,24,
Eagle_office_Demetra,power_active_kw,data_missing,2016-07-05 23:00:00,2016-07-05 23:00:00,1,
Eagle_office_Demetra,power_active_kw,stuck_sensor,2016-07-16 05:00:00,2016-07-18 18:00:00,62,value=65
Eagle_office_Demetra,power_active_kw,stuck_sensor,2016-07-18 19:00:00,2016-07-19 10:00:00,16,value=195
Eagle_office_Demetra,power_active_kw,data_missing,2016-07-19 13:00:00,2016-07-19 13:00:00,1,
Eagle_office_Demetra,power_active_kw,data_missing,2016-07-25 23:00:00,2016-07-27 15:00:00,41,
Eagle_office_Demetra,power_active_kw,stuck_sensor,2016-07-30 08:00:00,2016-07-30 10:00:00,3,value=60
Eagle_office_Demetra,power_active_kw,data_missing,2016-08-01 14:00:00,2016-08-01 18:00:00,5,
Eagle_office_Demetra,power_active_kw,stuck_sensor,2016-08-11 12:00:00,2016-08-11 14:00:00,3,value=188
Eagle_office_Demetra,power_active_kw,stuck_sensor,2016-08-11 15:00:00,2016-08-11 17:00:00,3,value=219
Eagle_office_Demetra,power_active_kw,data_missing,2016-08-11 18:00:00,2016-08-11 18:00:00,1,
Eagle_office_Demetra,power_active_kw,stuck_sensor,2016-08-13 06:00:00,2016-08-13 09:00:00,4,value=51
Eagle_office_Demetra,power_active_kw,stuck_sensor,2016-08-17 17:00:00,2016-08-17 19:00:00,3,value=207
Eagle_office_Demetra,power_active_kw,data_missing,2016-08-19 14:00:00,2016-08-19 14:00:00,1,
Eagle_office_Demetra,power_active_kw,data_missing,2016-08-24 23:00:00,2016-08-25 22:00:00,24,
Eagle_office_Demetra,power_active_kw,stuck_sensor,2016-08-27 07:00:00,2016-08-27 09:00:00,3,value=55
Eagle_office_Demetra,power_active_kw,stuck_sensor,2016-09-04 14:00:00,2016-09-04 16:00:00,3,value=158
Eagle_office_Demetra,power_active_kw,stuck_sensor,2016-09-05 23:00:00,2016-09-06 01:00:00,3,value=201
Eagle_office_Demetra,power_active_kw,stuck_sensor,2016-09-09 17:00:00,2016-09-09 19:00:00,3,value=218
Eagle_office_Demetra,power_active_kw,stuck_sensor,2016-09-13 05:00:00,2016-09-13 07:00:00,3,value=71
Eagle_office_Demetra,power_active_kw,data_missing,2016-09-15 08:00:00,2016-09-15 08:00:00,1,
Eagle_office_Demetra,power_active_kw,stuck_sensor,2016-09-17 21:00:00,2016-09-17 23:00:00,3,value=156
Eagle_office_Demetra,power_active_kw,stuck_sensor,2016-09-21 17:00:00,2016-09-21 19:00:00,3,value=223
Eagle_office_Demetra,power_active_kw,stuck_sensor,2016-10-01 08:00:00,2016-10-01 10:00:00,3,value=55
Eagle_office_Demetra,power_active_kw,stuck_sensor,2016-10-02 04:00:00,2016-10-02 06:00:00,3,value=58
Eagle_office_Demetra,power_active_kw,stuck_sensor,2016-10-05 00:00:00,2016-10-05 02:00:00,3,value=205
Eagle_office_Demetra,power_active_kw,stuck_sensor,2016-10-08 06:00:00,2016-10-08 08:00:00,3,value=55
Eagle_office_Demetra,power_active_kw,stuck_sensor,2016-10-12 17:00:00,2016-10-12 19:00:00,3,value=188
Eagle_office_Demetra,power_active_kw,stuck_sensor,2016-10-14 06:00:00,2016-10-14 08:00:00,3,value=73
Eagle_office_Demetra,power_active_kw,stuck_sensor,2016-10-22 09:00:00,2016-10-22 18:00:00,10,value=50
Eagle_office_Demetra,power_active_kw,stuck_sensor,2016-11-05 06:00:00,2016-11-05 08:00:00,3,value=62
Eagle_office_Demetra,power_active_kw,stuck_sensor,2016-11-08 07:00:00,2016-11-08 10:00:00,4,value=76
Eagle_office_Demetra,power_active_kw,stuck_sensor,2016-11-12 23:00:00,2016-11-13 01:00:00,3,value=180
Eagle_office_Demetra,power_active_kw,stuck_sensor,2016-11-18 21:00:00,2016-11-18 23:00:00,3,value=208
Eagle_office_Demetra,power_active_kw,stuck_sensor,2016-11-21 06:00:00,2016-11-21 09:00:00,4,value=71
Eagle_office_Demetra,power_active_kw,stuck_sensor,2016-11-29 08:00:00,2016-11-29 10:00:00,3,value=67
Eagle_office_Demetra,power_active_kw,stuck_sensor,2016-11-30 08:00:00,2016-11-30 10:00:00,3,value=71
Eagle_office_Demetra,power_active_kw,stuck_sensor,2016-12-01 06:00:00,2016-12-01 13:00:00,8,value=77
Eagle_office_Demetra,power_active_kw,stuck_sensor,2016-12-07 06:00:00,2016-12-07 09:00:00,4,value=68
Eagle_office_Demetra,power_active_kw,data_missing,2016-12-08 15:00:00,2016-12-09 14:00:00,24,
Eagle_office_Demetra,power_active_kw,data_missing,2016-12-09 16:00:00,2016-12-09 18:00:00,3,
Eagle_office_Demetra,power_active_kw,stuck_sensor,2016-12-16 05:00:00,2016-12-16 07:00:00,3,value=68
Eagle_office_Demetra,power_active_kw,stuck_sensor,2016-12-17 15:00:00,2016-12-17 17:00:00,3,value=172
Eagle_office_Demetra,power_active_kw,stuck_sensor,2016-12-18 01:00:00,2016-12-18 03:00:00,3,value=172
Eagle_office_Demetra,power_active_kw,stuck_sensor,2016-12-24 00:00:00,2016-12-24 04:00:00,5,value=168
Eagle_office_Demetra,power_active_kw,stuck_sensor,2016-12-31 22:00:00,2017-01-01 00:00:00,3,value=52
Eagle_office_Demetra,power_active_kw,stuck_sensor,2017-01-03 00:00:00,2017-01-03 02:00:00,3,value=54
Eagle_office_Demetra,power_active_kw,stuck_sensor,2017-01-08 10:00:00,2017-01-08 12:00:00,3,value=57
Eagle_office_Demetra,power_active_kw,stuck_sensor,2017-01-12 01:00:00,2017-01-12 03:00:00,3,value=192
Eagle_office_Demetra,power_active_kw,data_missing,2017-01-17 12:00:00,2017-01-17 12:00:00,1,
Eagle_office_Demetra,power_active_kw,stuck_sensor,2017-01-17 18:00:00,2017-01-17 20:00:00,3,value=220
Eagle_office_Demetra,power_active_kw,stuck_sensor,2017-01-18 09:00:00,2017-01-18 11:00:00,3,value=65
Eagle_office_Demetra,power_active_kw,stuck_sensor,2017-01-28 09:00:00,2017-01-28 11:00:00,3,value=58
Eagle_office_Demetra,power_active_kw,stuck_sensor,2017-01-28 14:00:00,2017-01-28 16:00:00,3,value=156
Eagle_office_Demetra,power_active_kw,data_missing,2017-01-31 19:00:00,2017-01-31 19:00:00,1,
Eagle_office_Demetra,power_active_kw,stuck_sensor,2017-02-05 16:00:00,2017-02-05 18:00:00,3,value=119
Eagle_office_Demetra,power_active_kw,stuck_sensor,2017-02-08 07:00:00,2017-02-08 09:00:00,3,value=68
Eagle_office_Demetra,power_active_kw,stuck_sensor,2017-02-24 09:00:00,2017-02-24 11:00:00,3,value=68
Eagle_office_Demetra,power_active_kw,stuck_sensor,2017-03-19 18:00:00,2017-03-19 20:00:00,3,value=177
Eagle_office_Demetra,power_active_kw,stuck_sensor,2017-03-20 05:00:00,2017-03-20 07:00:00,3,value=68
Eagle_office_Demetra,power_active_kw,stuck_sensor,2017-03-22 06:00:00,2017-03-22 08:00:00,3,value=76
Eagle_office_Demetra,power_active_kw,data_missing,2017-04-01 11:00:00,2017-04-01 21:00:00,11,
Eagle_office_Demetra,power_active_kw,stuck_sensor,2017-04-02 06:00:00,2017-04-02 08:00:00,3,value=66
Eagle_office_Demetra,power_active_kw,data_missing,2017-04-06 18:00:00,2017-04-06 18:00:00,1,
Eagle_office_Demetra,power_active_kw,stuck_sensor,2017-04-07 04:00:00,2017-04-07 06:00:00,3,value=73
Eagle_office_Demetra,power_active_kw,stuck_sensor,2017-04-14 04:00:00,2017-04-14 06:00:00,3,value=72
Eagle_office_Demetra,power_active_kw,stuck_sensor,2017-04-16 16:00:00,2017-04-16 18:00:00,3,value=173
Eagle_office_Demetra,power_active_kw,stuck_sensor,2017-04-20 02:00:00,2017-04-20 14:00:00,13,value=210
Eagle_office_Demetra,power_active_kw,stuck_sensor,2017-04-21 04:00:00,2017-04-21 06:00:00,3,value=69
Eagle_office_Demetra,power_active_kw,stuck_sensor,2017-04-30 08:00:00,2017-04-30 10:00:00,3,value=64
Eagle_office_Demetra,power_active_kw,stuck_sensor,2017-04-30 14:00:00,2017-04-30 16:00:00,3,value=170
Eagle_office_Demetra,power_active_kw,stuck_sensor,2017-05-01 04:00:00,2017-05-01 06:00:00,3,value=65
Eagle_office_Demetra,power_active_kw,stuck_sensor,2017-05-01 08:00:00,2017-05-01 10:00:00,3,value=66
Eagle_office_Demetra,power_active_kw,stuck_sensor,2017-05-06 06:00:00,2017-05-06 08:00:00,3,value=66
Eagle_office_Demetra,power_active_kw,stuck_sensor,2017-05-09 04:00:00,2017-05-09 07:00:00,4,value=72
Eagle_office_Demetra,power_active_kw,stuck_sensor,2017-05-15 06:00:00,2017-05-15 08:00:00,3,value=64
Eagle_office_Demetra,power_active_kw,stuck_sensor,2017-05-16 06:00:00,2017-05-16 08:00:00,3,value=69
Eagle_office_Demetra,power_active_kw,stuck_sensor,2017-05-21 04:00:00,2017-05-21 07:00:00,4,value=170
Eagle_office_Demetra,power_active_kw,stuck_sensor,2017-05-24 04:00:00,2017-05-24 06:00:00,3,value=71
Eagle_office_Demetra,power_active_kw,data_missing,2017-05-25 05:00:00,2017-05-25 05:00:00,1,
Eagle_office_Demetra,power_active_kw,stuck_sensor,2017-05-27 08:00:00,2017-05-27 10:00:00,3,value=65
Eagle_office_Demetra,power_active_kw,stuck_sensor,2017-05-29 05:00:00,2017-05-29 09:00:00,5,value=66
Eagle_office_Demetra,power_active_kw,stuck_sensor,2017-06-08 04:00:00,2017-06-08 06:00:00,3,value=70
Eagle_office_Demetra,power_active_kw,data_missing,2017-06-16 11:00:00,2017-06-16 11:00:00,1,
Eagle_office_Demetra,power_active_kw,stuck_sensor,2017-06-21 08:00:00,2017-06-21 10:00:00,3,value=67
Eagle_office_Demetra,power_active_kw,stuck_sensor,2017-06-25 05:00:00,2017-06-25 07:00:00,3,value=63
Eagle_office_Demetra,power_active_kw,stuck_sensor,2017-07-01 19:00:00,2017-07-01 21:00:00,3,value=159
Eagle_office_Demetra,power_active_kw,stuck_sensor,2017-07-02 01:00:00,2017-07-02 03:00:00,3,value=178
Eagle_office_Demetra,power_active_kw,data_missing,2017-07-06 06:00:00,2017-07-06 06:00:00,1,
Eagle_office_Demetra,power_active_kw,stuck_sensor,2017-07-10 04:00:00,2017-07-10 06:00:00,3,value=65
Eagle_office_Demetra,power_active_kw,data_missing,2017-07-12 15:00:00,2017-07-12 15:00:00,1,
Eagle_office_Demetra,power_active_kw,data_missing,2017-07-12 20:00:00,2017-07-12 20:00:00,1,
Eagle_office_Demetra,power_active_kw,data_missing,2017-07-13 15:00:00,2017-07-13 15:00:00,1,
Eagle_office_Demetra,power_active_kw,stuck_sensor,2017-07-15 05:00:00,2017-07-15 07:00:00,3,value=64
Eagle_office_Demetra,power_active_kw,stuck_sensor,2017-07-17 07:00:00,2017-07-17 09:00:00,3,value=67
Eagle_office_Demetra,power_active_kw,data_missing,2017-07-20 18:00:00,2017-07-20 19:00:00,2,
Eagle_office_Demetra,power_active_kw,stuck_sensor,2017-08-06 19:00:00,2017-08-06 21:00:00,3,value=162
Eagle_office_Demetra,power_active_kw,stuck_sensor,2017-08-14 06:00:00,2017-08-14 08:00:00,3,value=61
Eagle_office_Demetra,power_active_kw,stuck_sensor,2017-08-15 22:00:00,2017-08-16 00:00:00,3,value=175
Eagle_office_Demetra,power_active_kw,stuck_sensor,2017-08-20 06:00:00,2017-08-20 08:00:00,3,value=63
Eagle_office_Demetra,power_active_kw,stuck_sensor,2017-08-21 15:00:00,2017-08-21 17:00:00,3,value=209
Eagle_office_Demetra,power_active_kw,data_missing,2017-08-29 20:00:00,2017-08-29 20:00:00,1,
Eagle_office_Demetra,power_active_kw,stuck_sensor,2017-09-12 16:00:00,2017-09-12 18:00:00,3,value=212
Eagle_office_Demetra,power_active_kw,stuck_sensor,2017-09-16 04:00:00,2017-09-16 06:00:00,3,value=57
Eagle_office_Demetra,power_active_kw,stuck_sensor,2017-09-20 18:00:00,2017-09-20 20:00:00,3,value=213
Eagle_office_Demetra,power_active_kw,stuck_sensor,2017-09-23 08:00:00,2017-09-23 10:00:00,3,value=61
Eagle_office_Demetra,power_active_kw,data_missing,2017-09-25 20:00:00,2017-09-25 20:00:00,1,
Eagle_office_Demetra,power_active_kw,data_missing,2017-09-26 14:00:00,2017-09-26 14:00:00,1,
Eagle_office_Demetra,power_active_kw,stuck_sensor,2017-10-01 06:00:00,2017-10-01 08:00:00,3,value=58
Eagle_office_Demetra,power_active_kw,stuck_sensor,2017-10-03 04:00:00,2017-10-03 06:00:00,3,value=76
Eagle_office_Demetra,power_active_kw,stuck_sensor,2017-10-08 08:00:00,2017-10-08 10:00:00,3,value=59
Eagle_office_Demetra,power_active_kw,stuck_sensor,2017-10-29 08:00:00,2017-10-29 10:00:00,3,value=57
Eagle_office_Demetra,power_active_kw,stuck_sensor,2017-11-05 07:00:00,2017-11-05 10:00:00,4,value=56
Eagle_office_Demetra,power_active_kw,stuck_sensor,2017-11-08 07:00:00,2017-11-08 09:00:00,3,value=72
Eagle_office_Demetra,power_active_kw,stuck_sensor,2017-11-13 01:00:00,2017-11-13 03:00:00,3,value=172
Eagle_office_Demetra,power_active_kw,stuck_sensor,2017-11-13 17:00:00,2017-11-13 20:00:00,4,value=223
Eagle_office_Demetra,power_active_kw,stuck_sensor,2017-11-14 15:00:00,2017-11-14 17:00:00,3,value=222
Eagle_office_Demetra,power_active_kw,stuck_sensor,2017-11-18 08:00:00,2017-11-18 11:00:00,4,value=59
Eagle_office_Demetra,power_active_kw,stuck_sensor,2017-11-23 00:00:00,2017-11-23 02:00:00,3,value=176
Eagle_office_Demetra,power_active_kw,stuck_sensor,2017-11-26 05:00:00,2017-11-26 07:00:00,3,value=57
Eagle_office_Demetra,power_active_kw,stuck_sensor,2017-11-28 05:00:00,2017-11-28 07:00:00,3,value=77
Eagle_office_Demetra,power_active_kw,stuck_sensor,2017-12-15 19:00:00,2017-12-15 21:00:00,3,value=209
Eagle_office_Demetra,power_active_kw,stuck_sensor,2017-12-16 08:00:00,2017-12-16 11:00:00,4,value=72
Eagle_office_Demetra,power_active_kw,stuck_sensor,2017-12-19 09:00:00,2017-12-19 11:00:00,3,value=73
Eagle_office_Demetra,power_active_kw,stuck_sensor,2017-12-24 04:00:00,2017-12-24 06:00:00,3,value=58
Eagle_office_Demetra,power_active_kw,stuck_sensor,2017-12-25 04:00:00,2017-12-25 07:00:00,4,value=58
Eagle_office_Demetra,power_active_kw,stuck_sensor,2017-12-26 10:00:00,2017-12-26 12:00:00,3,value=62
Eagle_office_Demetra,power_active_kw,stuck_sensor,2017-12-30 05:00:00,2017-12-30 07:00:00,3,value=61
Eagle_office_Demetra,power_active_kw,stuck_sensor,2017-12-31 07:00:00,2017-12-31 11:00:00,5,value=61
Eagle_office_Donovan,power_active_kw,data_missing,2016-01-13 23:00:00,2016-01-13 23:00:00,1,
Eagle_office_Donovan,power_active_kw,stuck_sensor,2016-01-14 13:00:00,2016-01-14 22:00:00,10,value=129.8
Eagle_office_Donovan,power_active_kw,stuck_sensor,2016-01-15 01:00:00,2016-01-15 04:00:00,4,value=137.8
Eagle_office_Donovan,power_active_kw,stuck_sensor,2016-01-15 06:00:00,2016-01-15 11:00:00,6,value=129.8
Eagle_office_Donovan,power_active_kw,stuck_sensor,2016-01-28 16:00:00,2016-01-28 18:00:00,3,value=155.4
Eagle_office_Donovan,power_active_kw,data_missing,2016-01-28 19:00:00,2016-01-28 20:00:00,2,
Eagle_office_Donovan,power_active_kw,data_missing,2016-02-17 14:00:00,2016-02-17 14:00:00,1,
Eagle_office_Donovan,power_active_kw,data_missing,2016-02-25 12:00:00,2016-02-25 12:00:00,1,
Eagle_office_Donovan,power_active_kw,data_missing,2016-03-09 21:00:00,2016-03-09 21:00:00,1,
Eagle_office_Donovan,power_active_kw,data_missing,2016-03-18 00:00:00,2016-03-18 00:00:00,1,
Eagle_office_Donovan,power_active_kw,stuck_sensor,2016-03-19 21:00:00,2016-03-20 00:00:00,4,value=60.98
Eagle_office_Donovan,power_active_kw,stuck_sensor,2016-03-22 21:00:00,2016-03-23 09:00:00,13,value=91.73
Eagle_office_Donovan,power_active_kw,data_missing,2016-04-16 11:00:00,2016-04-16 11:00:00,1,
Eagle_office_Donovan,power_active_kw,stuck_sensor,2016-04-16 12:00:00,2016-04-16 16:00:00,5,value=39.29
Eagle_office_Donovan,power_active_kw,data_missing,2016-04-21 16:00:00,2016-04-21 16:00:00,1,
Eagle_office_Donovan,power_active_kw,stuck_sensor,2016-05-12 10:00:00,2016-05-12 12:00:00,3,value=56.44
Eagle_office_Donovan,power_active_kw,stuck_sensor,2016-07-16 04:00:00,2016-07-19 10:00:00,79,value=35.74
Eagle_office_Donovan,power_active_kw,data_missing,2016-08-09 13:00:00,2016-08-09 13:00:00,1,
Eagle_office_Donovan,power_active_kw,data_missing,2016-08-09 16:00:00,2016-08-09 17:00:00,2,
Eagle_office_Donovan,power_active_kw,data_missing,2016-08-10 11:00:00,2016-08-10 11:00:00,1,
Eagle_office_Donovan,power_active_kw,stuck_sensor,2016-08-11 11:00:00,2016-08-11 17:00:00,7,value=67.02
Eagle_office_Donovan,power_active_kw,data_missing,2016-08-11 18:00:00,2016-08-12 16:00:00,23,
Eagle_office_Donovan,power_active_kw,data_missing,2016-09-16 15:00:00,2016-09-16 15:00:00,1,
Eagle_office_Donovan,power_active_kw,data_missing,2016-09-20 20:00:00,2016-09-20 20:00:00,1,
Eagle_office_Donovan,power_active_kw,data_missing,2016-11-12 04:00:00,2016-11-12 04:00:00,1,
Eagle_office_Donovan,power_active_kw,stuck_sensor,2016-12-01 11:00:00,2016-12-01 13:00:00,3,value=51.56
Eagle_office_Donovan,power_active_kw,data_missing,2016-12-03 08:00:00,2016-12-03 08:00:00,1,
Eagle_office_Donovan,power_active_kw,data_missing,2016-12-20 19:00:00,2016-12-20 21:00:00,3,
Eagle_office_Donovan,power_active_kw,stuck_sensor,2016-12-22 10:00:00,2016-12-22 13:00:00,4,value=60.18
Eagle_office_Donovan,power_active_kw,stuck_sensor,2016-12-23 07:00:00,2016-12-23 10:00:00,4,value=60.08
Eagle_office_Donovan,power_active_kw,stuck_sensor,2016-12-23 17:00:00,2016-12-23 19:00:00,3,value=59.98
Eagle_office_Donovan,power_active_kw,stuck_sensor,2016-12-23 21:00:00,2016-12-23 23:00:00,3,value=60.18
Eagle_office_Donovan,power_active_kw,stuck_sensor,2016-12-24 06:00:00,2016-12-24 09:00:00,4,value=60.28
Eagle_office_Donovan,power_active_kw,stuck_sensor,2016-12-24 17:00:00,2016-12-24 19:00:00,3,value=60.28
Eagle_office_Donovan,power_active_kw,stuck_sensor,2016-12-25 05:00:00,2016-12-25 07:00:00,3,value=60.08
Eagle_office_Donovan,power_active_kw,stuck_sensor,2016-12-25 11:00:00,2016-12-25 21:00:00,11,value=59.98
Eagle_office_Donovan,power_active_kw,stuck_sensor,2016-12-25 23:00:00,2016-12-26 13:00:00,15,value=59.98
Eagle_office_Donovan,power_active_kw,stuck_sensor,2016-12-26 21:00:00,2016-12-27 00:00:00,4,value=59.98
Eagle_office_Donovan,power_active_kw,stuck_sensor,2016-12-27 02:00:00,2016-12-27 05:00:00,4,value=59.98
Eagle_office_Donovan,power_active_kw,stuck_sensor,2016-12-27 08:00:00,2016-12-27 11:00:00,4,value=60.48
Eagle_office_Donovan,power_active_kw,stuck_sensor,2016-12-29 09:00:00,2016-12-29 11:00:00,3,value=60.78
Eagle_office_Donovan,power_active_kw,data_missing,2017-01-17 04:00:00,2017-01-17 12:00:00,9,
Eagle_office_Donovan,power_active_kw,data_missing,2017-01-27 13:00:00,2017-01-27 13:00:00,1,
Eagle_office_Donovan,power_active_kw,data_missing,2017-02-23 21:00:00,2017-02-23 21:00:00,1,
Eagle_office_Donovan,power_active_kw,data_missing,2017-02-27 21:00:00,2017-02-27 21:00:00,1,
Eagle_office_Donovan,power_active_kw,data_missing,2017-03-01 16:00:00,2017-03-01 16:00:00,1,
Eagle_office_Donovan,power_active_kw,data_missing,2017-03-02 17:00:00,2017-03-02 17:00:00,1,
Eagle_office_Donovan,power_active_kw,data_missing,2017-03-07 16:00:00,2017-03-07 16:00:00,1,
Eagle_office_Donovan,power_active_kw,data_missing,2017-03-14 19:00:00,2017-03-14 19:00:00,1,
Eagle_office_Donovan,power_active_kw,data_missing,2017-04-01 10:00:00,2017-04-01 18:00:00,9,
Eagle_office_Donovan,power_active_kw,data_missing,2017-04-07 13:00:00,2017-04-07 13:00:00,1,
Eagle_office_Donovan,power_active_kw,data_missing,2017-04-07 17:00:00,2017-04-07 17:00:00,1,
Eagle_office_Donovan,power_active_kw,data_missing,2017-04-10 12:00:00,2017-04-10 12:00:00,1,
Eagle_office_Donovan,power_active_kw,data_missing,2017-04-10 17:00:00,2017-04-10 17:00:00,1,
Eagle_office_Donovan,power_active_kw,stuck_sensor,2017-04-20 02:00:00,2017-04-20 14:00:00,13,value=47.46
Eagle_office_Donovan,power_active_kw,stuck_sensor,2017-05-10 02:00:00,2017-05-10 04:00:00,3,value=79.81
Eagle_office_Donovan,power_active_kw,data_missing,2017-05-11 11:00:00,2017-05-11 11:00:00,1,
Eagle_office_Donovan,power_active_kw,stuck_sensor,2017-05-12 03:00:00,2017-05-12 05:00:00,3,value=80.31
Eagle_office_Donovan,power_active_kw,stuck_sensor,2017-05-12 06:00:00,2017-05-12 08:00:00,3,value=80.21
Eagle_office_Donovan,power_active_kw,stuck_sensor,2017-05-14 00:00:00,2017-05-14 03:00:00,4,value=78.71
Eagle_office_Donovan,power_active_kw,stuck_sensor,2017-05-14 08:00:00,2017-05-14 10:00:00,3,value=79.01
Eagle_office_Donovan,power_active_kw,stuck_sensor,2017-05-15 01:00:00,2017-05-15 04:00:00,4,value=78.71
Eagle_office_Donovan,power_active_kw,stuck_sensor,2017-05-17 02:00:00,2017-05-17 05:00:00,4,value=78.51
Eagle_office_Donovan,power_active_kw,stuck_sensor,2017-05-18 05:00:00,2017-05-18 09:00:00,5,value=78.91
Eagle_office_Donovan,power_active_kw,stuck_sensor,2017-05-19 03:00:00,2017-05-19 08:00:00,6,value=79.01
Eagle_office_Donovan,power_active_kw,stuck_sensor,2017-05-21 03:00:00,2017-05-21 06:00:00,4,value=79.31
Eagle_office_Donovan,power_active_kw,stuck_sensor,2017-05-21 20:00:00,2017-05-21 22:00:00,3,value=83.21
Eagle_office_Donovan,power_active_kw,stuck_sensor,2017-05-22 02:00:00,2017-05-22 04:00:00,3,value=79.71
Eagle_office_Donovan,power_active_kw,stuck_sensor,2017-05-22 06:00:00,2017-05-22 09:00:00,4,value=78.61
Eagle_office_Donovan,power_active_kw,stuck_sensor,2017-05-23 01:00:00,2017-05-23 08:00:00,8,value=78.41
Eagle_office_Donovan,power_active_kw,stuck_sensor,2017-05-24 02:00:00,2017-05-24 05:00:00,4,value=78.61
Eagle_office_Donovan,power_active_kw,data_missing,2017-07-12 11:00:00,2017-07-12 11:00:00,1,
Eagle_office_Donovan,power_active_kw,data_missing,2017-07-12 15:00:00,2017-07-12 15:00:00,1,
Eagle_office_Donovan,power_active_kw,data_missing,2017-07-13 15:00:00,2017-07-13 15:00:00,1,
Eagle_office_Donovan,power_active_kw,stuck_sensor,2017-07-19 04:00:00,2017-07-19 06:00:00,3,value=87.59
Eagle_office_Donovan,power_active_kw,stuck_sensor,2017-07-19 07:00:00,2017-07-19 09:00:00,3,value=87.69
Eagle_office_Donovan,power_active_kw,data_missing,2017-08-24 06:00:00,2017-08-24 17:00:00,12,
Eagle_office_Donovan,power_active_kw,data_missing,2017-09-01 03:00:00,2017-09-01 11:00:00,9,
Eagle_office_Donovan,power_active_kw,stuck_sensor,2017-09-07 06:00:00,2017-09-07 08:00:00,3,value=95.53
Eagle_office_Donovan,power_active_kw,stuck_sensor,2017-09-08 06:00:00,2017-09-08 09:00:00,4,value=76.43
Eagle_office_Donovan,power_active_kw,stuck_sensor,2017-09-09 03:00:00,2017-09-09 09:00:00,7,value=76.43
Eagle_office_Donovan,power_active_kw,stuck_sensor,2017-09-10 00:00:00,2017-09-10 02:00:00,3,value=76.43
Eagle_office_Donovan,power_active_kw,stuck_sensor,2017-09-10 04:00:00,2017-09-10 07:00:00,4,value=76.43
Eagle_office_Donovan,power_active_kw,stuck_sensor,2017-09-11 02:00:00,2017-09-11 04:00:00,3,value=76.53
Eagle_office_Donovan,power_active_kw,stuck_sensor,2017-09-11 06:00:00,2017-09-11 08:00:00,3,value=76.53
Eagle_office_Donovan,power_active_kw,stuck_sensor,2017-09-13 07:00:00,2017-09-13 09:00:00,3,value=77.33
Eagle_office_Donovan,power_active_kw,stuck_sensor,2017-09-15 06:00:00,2017-09-15 09:00:00,4,value=77.93
Eagle_office_Donovan,power_active_kw,stuck_sensor,2017-09-16 05:00:00,2017-09-16 07:00:00,3,value=76.53
Eagle_office_Donovan,power_active_kw,stuck_sensor,2017-09-16 08:00:00,2017-09-16 10:00:00,3,value=76.43
Eagle_office_Donovan,power_active_kw,stuck_sensor,2017-09-16 23:00:00,2017-09-17 01:00:00,3,value=76.53
Eagle_office_Donovan,power_active_kw,stuck_sensor,2017-09-18 06:00:00,2017-09-18 09:00:00,4,value=76.63
Eagle_office_Donovan,power_active_kw,data_missing,2017-09-18 16:00:00,2017-09-18 20:00:00,5,
Eagle_office_Donovan,power_active_kw,data_missing,2017-09-25 20:00:00,2017-09-25 20:00:00,1,
Eagle_office_Donovan,power_active_kw,data_missing,2017-09-26 14:00:00,2017-09-26 14:00:00,1,
Eagle_office_Donovan,power_active_kw,data_missing,2017-12-31 17:00:00,2017-12-31 17:00:00,1,
Eagle_office_Efrain,power_active_kw,data_missing,2016-01-13 23:00:00,2016-01-13 23:00:00,1,
Eagle_office_Efrain,power_active_kw,data_missing,2016-01-28 06:00:00,2016-01-28 06:00:00,1,
Eagle_office_Efrain,power_active_kw,data_missing,2016-03-09 21:00:00,2016-03-09 21:00:00,1,
Eagle_office_Efrain,power_active_kw,data_missing,2016-03-16 13:00:00,2016-03-16 13:00:00,1,
Eagle_office_Efrain,power_active_kw,stuck_sensor,2016-03-19 21:00:00,2016-03-20 00:00:00,4,value=72.12
Eagle_office_Efrain,power_active_kw,stuck_sensor,2016-03-22 21:00:00,2016-03-23 09:00:00,13,value=76.9
Eagle_office_Efrain,power_active_kw,stuck_sensor,2016-04-16 12:00:00,2016-04-16 16:00:00,5,value=71.04
Eagle_office_Efrain,power_active_kw,data_missing,2016-04-18 22:00:00,2016-04-18 22:00:00,1,
Eagle_office_Efrain,power_active_kw,data_missing,2016-05-26 14:00:00,2016-05-26 14:00:00,1,
Eagle_office_Efrain,power_active_kw,data_missing,2016-06-28 23:00:00,2016-06-29 21:00:00,23,
Eagle_office_Efrain,power_active_kw,stuck_sensor,2016-06-30 23:00:00,2016-07-01 10:00:00,12,value=42.75
Eagle_office_Efrain,power_active_kw,stuck_sensor,2016-07-01 11:00:00,2016-07-01 22:00:00,12,value=34.82
Eagle_office_Efrain,power_active_kw,data_missing,2016-07-01 23:00:00,2016-07-02 22:00:00,24,
Eagle_office_Efrain,power_active_kw,data_missing,2016-07-05 23:00:00,2016-07-05 23:00:00,1,
Eagle_office_Efrain,power_active_kw,stuck_sensor,2016-07-16 05:00:00,2016-07-18 18:00:00,62,value=26.53
Eagle_office_Efrain,power_active_kw,stuck_sensor,2016-07-18 19:00:00,2016-07-19 10:00:00,16,value=65.19
Eagle_office_Efrain,power_active_kw,data_missing,2016-07-19 13:00:00,2016-07-19 13:00:00,1,
Eagle_office_Efrain,power_active_kw,stuck_sensor,2016-07-22 17:00:00,2016-07-22 19:00:00,3,value=49.39
Eagle_office_Efrain,power_active_kw,stuck_sensor,2016-07-23 01:00:00,2016-07-23 03:00:00,3,value=47.1
Eagle_office_Efrain,power_active_kw,stuck_sensor,2016-07-23 15:00:00,2016-07-23 17:00:00,3,value=47.22
Eagle_office_Efrain,power_active_kw,stuck_sensor,2016-07-23 18:00:00,2016-07-23 20:00:00,3,value=54.93
Eagle_office_Efrain,power_active_kw,stuck_sensor,2016-07-24 22:00:00,2016-07-25 00:00:00,3,value=58.08
Eagle_office_Efrain,power_active_kw,stuck_sensor,2016-07-25 09:00:00,2016-07-25 11:00:00,3,value=23.37
Eagle_office_Efrain,power_active_kw,stuck_sensor,2016-07-25 15:00:00,2016-07-25 17:00:00,3,value=70.97
Eagle_office_Efrain,power_active_kw,data_missing,2016-07-25 23:00:00,2016-07-27 15:00:00,41,
Eagle_office_Efrain,power_active_kw,stuck_sensor,2016-07-27 18:00:00,2016-07-27 20:00:00,3,value=76.08
Eagle_office_Efrain,power_active_kw,stuck_sensor,2016-07-27 21:00:00,2016-07-28 00:00:00,4,value=59.19
Eagle_office_Efrain,power_active_kw,stuck_sensor,2016-07-28 01:00:00,2016-07-28 03:00:00,3,value=53.86
Eagle_office_Efrain,power_active_kw,stuck_sensor,2016-07-28 13:00:00,2016-07-28 16:00:00,4,value=55.64
Eagle_office_Efrain,power_active_kw,stuck_sensor,2016-07-28 19:00:00,2016-07-28 22:00:00,4,value=61.12
Eagle_office_Efrain,power_active_kw,stuck_sensor,2016-07-29 04:00:00,2016-07-29 09:00:00,6,value=38.56
Eagle_office_Efrain,power_active_kw,stuck_sensor,2016-07-29 17:00:00,2016-07-29 19:00:00,3,value=64.59
Eagle_office_Efrain,power_active_kw,data_missing,2016-08-01 14:00:00,2016-08-01 18:00:00,5,
Eagle_office_Efrain,power_active_kw,stuck_sensor,2016-08-11 12:00:00,2016-08-11 14:00:00,3,value=40.16
Eagle_office_Efrain,power_active_kw,stuck_sensor,2016-08-11 15:00:00,2016-08-11 17:00:00,3,value=45.32
Eagle_office_Efrain,power_active_kw,data_missing,2016-08-11 18:00:00,2016-08-11 18:00:00,1,
Eagle_office_Efrain,power_active_kw,data_missing,2016-08-19 14:00:00,2016-08-19 14:00:00,1,
Eagle_office_Efrain,power_active_kw,data_missing,2016-08-24 23:00:00,2016-08-25 22:00:00,24,
Eagle_office_Efrain,power_active_kw,data_missing,2016-09-15 08:00:00,2016-09-15 08:00:00,1,
Eagle_office_Efrain,power_active_kw,stuck_sensor,2016-10-12 17:00:00,2016-10-12 19:00:00,3,value=57.98
Eagle_office_Efrain,power_active_kw,stuck_sensor,2016-12-01 06:00:00,2016-12-01 13:00:00,8,value=28.4
Eagle_office_Efrain,power_active_kw,data_missing,2016-12-08 15:00:00,2016-12-09 14:00:00,24,
Eagle_office_Efrain,power_active_kw,data_missing,2016-12-09 16:00:00,2016-12-09 18:00:00,3,
Eagle_office_Efrain,power_active_kw,data_missing,2017-01-17 12:00:00,2017-01-17 12:00:00,1,
Eagle_office_Efrain,power_active_kw,data_missing,2017-01-31 19:00:00,2017-01-31 19:00:00,1,
Eagle_office_Efrain,power_active_kw,data_missing,2017-04-01 11:00:00,2017-04-01 21:00:00,11,
Eagle_office_Efrain,power_active_kw,data_missing,2017-04-06 18:00:00,2017-04-06 18:00:00,1,
Eagle_office_Efrain,power_active_kw,stuck_sensor,2017-04-20 02:00:00,2017-04-20 14:00:00,13,value=74.16
Eagle_office_Efrain,power_active_kw,data_missing,2017-05-25 05:00:00,2017-05-25 05:00:00,1,
Eagle_office_Efrain,power_active_kw,data_missing,2017-06-16 11:00:00,2017-06-16 11:00:00,1,
Eagle_office_Efrain,power_active_kw,data_missing,2017-07-06 06:00:00,2017-07-06 06:00:00,1,
Eagle_office_Efrain,power_active_kw,data_missing,2017-07-12 15:00:00,2017-07-12 15:00:00,1,
Eagle_office_Efrain,power_active_kw,data_missing,2017-07-12 20:00:00,2017-07-12 20:00:00,1,
Eagle_office_Efrain,power_active_kw,data_missing,2017-07-13 15:00:00,2017-07-13 15:00:00,1,
Eagle_office_Efrain,power_active_kw,data_missing,2017-07-20 18:00:00,2017-07-20 19:00:00,2,
Eagle_office_Efrain,power_active_kw,data_missing,2017-08-29 20:00:00,2017-08-29 20:00:00,1,
Eagle_office_Efrain,power_active_kw,stuck_sensor,2017-09-17 05:00:00,2017-09-17 07:00:00,3,value=22.83
Eagle_office_Efrain,power_active_kw,data_missing,2017-09-25 20:00:00,2017-09-25 20:00:00,1,
Eagle_office_Efrain,power_active_kw,data_missing,2017-09-26 14:00:00,2017-09-26 14:00:00,1,
Eagle_office_Francis,power_active_kw,data_missing,2016-01-13 23:00:00,2016-01-13 23:00:00,1,
Eagle_office_Francis,power_active_kw,data_missing,2016-01-28 06:00:00,2016-01-28 06:00:00,1,
Eagle_office_Francis,power_active_kw,stuck_sensor,2016-02-06 16:00:00,2016-02-06 18:00:00,3,value=341
Eagle_office_Francis,power_active_kw,stuck_sensor,2016-02-22 02:00:00,2016-02-22 04:00:00,3,value=308
Eagle_office_Francis,power_active_kw,data_missing,2016-03-09 21:00:00,2016-03-09 21:00:00,1,
Eagle_office_Francis,power_active_kw,stuck_sensor,2016-03-13 22:00:00,2016-03-14 00:00:00,3,value=332
Eagle_office_Francis,power_active_kw,data_missing,2016-03-16 13:00:00,2016-03-16 13:00:00,1,
Eagle_office_Francis,power_active_kw,stuck_sensor,2016-03-19 21:00:00,2016-03-20 00:00:00,4,value=322
Eagle_office_Francis,power_active_kw,stuck_sensor,2016-03-22 21:00:00,2016-03-23 09:00:00,13,value=387
Eagle_office_Francis,power_active_kw,stuck_sensor,2016-04-04 08:00:00,2016-04-04 10:00:00,3,value=313
Eagle_office_Francis,power_active_kw,stuck_sensor,2016-04-16 12:00:00,2016-04-16 16:00:00,5,value=301
Eagle_office_Francis,power_active_kw,data_missing,2016-05-26 14:00:00,2016-05-26 14:00:00,1,
Eagle_office_Francis,power_active_kw,data_missing,2016-06-28 23:00:00,2016-06-29 21:00:00,23,
Eagle_office_Francis,power_active_kw,stuck_sensor,2016-06-30 23:00:00,2016-07-01 10:00:00,12,value=317
Eagle_office_Francis,power_active_kw,stuck_sensor,2016-07-01 11:00:00,2016-07-01 22:00:00,12,value=336
Eagle_office_Francis,power_active_kw,data_missing,2016-07-01 23:00:00,2016-07-02 22:00:00,24,
Eagle_office_Francis,power_active_kw,data_missing,2016-07-05 23:00:00,2016-07-05 23:00:00,1,
Eagle_office_Francis,power_active_kw,stuck_sensor,2016-07-16 05:00:00,2016-07-18 18:00:00,62,value=324
Eagle_office_Francis,power_active_kw,stuck_sensor,2016-07-18 19:00:00,2016-07-19 10:00:00,16,value=381
Eagle_office_Francis,power_active_kw,data_missing,2016-07-19 13:00:00,2016-07-19 13:00:00,1,
Eagle_office_Francis,power_active_kw,data_missing,2016-07-25 23:00:00,2016-07-27 15:00:00,41,
Eagle_office_Francis,power_active_kw,data_missing,2016-08-01 14:00:00,2016-08-01 18:00:00,5,
Eagle_office_Francis,power_active_kw,stuck_sensor,2016-08-11 12:00:00,2016-08-11 14:00:00,3,value=346
Eagle_office_Francis,power_active_kw,stuck_sensor,2016-08-11 15:00:00,2016-08-11 17:00:00,3,value=406
Eagle_office_Francis,power_active_kw,data_missing,2016-08-11 18:00:00,2016-08-11 18:00:00,1,
Eagle_office_Francis,power_active_kw,stuck_sensor,2016-08-14 06:00:00,2016-08-14 08:00:00,3,value=331
Eagle_office_Francis,power_active_kw,data_missing,2016-08-19 14:00:00,2016-08-19 14:00:00,1,
Eagle_office_Francis,power_active_kw,stuck_sensor,2016-08-23 19:00:00,2016-08-23 21:00:00,3,value=399
Eagle_office_Francis,power_active_kw,data_missing,2016-08-24 23:00:00,2016-08-25 22:00:00,24,
Eagle_office_Francis,power_active_kw,stuck_sensor,2016-09-11 21:00:00,2016-09-11 23:00:00,3,value=345
Eagle_office_Francis,power_active_kw,data_missing,2016-09-15 08:00:00,2016-09-15 08:00:00,1,
Eagle_office_Francis,power_active_kw,stuck_sensor,2016-10-01 06:00:00,2016-10-01 08:00:00,3,value=325
Eagle_office_Francis,power_active_kw,stuck_sensor,2016-10-12 03:00:00,2016-10-12 05:00:00,3,value=336
Eagle_office_Francis,power_active_kw,stuck_sensor,2016-10-12 17:00:00,2016-10-12 19:00:00,3,value=440
Eagle_office_Francis,power_active_kw,stuck_sensor,2016-12-01 06:00:00,2016-12-01 13:00:00,8,value=327
Eagle_office_Francis,power_active_kw,data_missing,2016-12-08 15:00:00,2016-12-09 14:00:00,24,
Eagle_office_Francis,power_active_kw,data_missing,2016-12-09 16:00:00,2016-12-09 18:00:00,3,
Eagle_office_Francis,power_active_kw,data_missing,2017-01-17 12:00:00,2017-01-17 12:00:00,1,
Eagle_office_Francis,power_active_kw,stuck_sensor,2017-01-28 16:00:00,2017-01-28 18:00:00,3,value=328
Eagle_office_Francis,power_active_kw,data_missing,2017-01-31 19:00:00,2017-01-31 19:00:00,1,
Eagle_office_Francis,power_active_kw,data_missing,2017-04-01 11:00:00,2017-04-01 21:00:00,11,
Eagle_office_Francis,power_active_kw,data_missing,2017-04-06 18:00:00,2017-04-06 18:00:00,1,
Eagle_office_Francis,power_active_kw,stuck_sensor,2017-04-20 02:00:00,2017-04-20 14:00:00,13,value=355
Eagle_office_Francis,power_active_kw,data_missing,2017-05-25 05:00:00,2017-05-25 05:00:00,1,
Eagle_office_Francis,power_active_kw,stuck_sensor,2017-05-27 04:00:00,2017-05-27 06:00:00,3,value=318
Eagle_office_Francis,power_active_kw,data_missing,2017-06-16 11:00:00,2017-06-16 11:00:00,1,
Eagle_office_Francis,power_active_kw,data_missing,2017-07-06 06:00:00,2017-07-06 06:00:00,1,
Eagle_office_Francis,power_active_kw,data_missing,2017-07-12 15:00:00,2017-07-12 15:00:00,1,
Eagle_office_Francis,power_active_kw,data_missing,2017-07-12 20:00:00,2017-07-12 20:00:00,1,
Eagle_office_Francis,power_active_kw,data_missing,2017-07-13 15:00:00,2017-07-13 15:00:00,1,
Eagle_office_Francis,power_active_kw,data_missing,2017-07-20 18:00:00,2017-07-20 19:00:00,2,
Eagle_office_Francis,power_active_kw,data_missing,2017-08-29 20:00:00,2017-08-29 20:00:00,1,
Eagle_office_Francis,power_active_kw,stuck_sensor,2017-09-01 16:00:00,2017-09-01 18:00:00,3,value=389
Eagle_office_Francis,power_active_kw,stuck_sensor,2017-09-03 06:00:00,2017-09-03 08:00:00,3,value=314
Eagle_office_Francis,power_active_kw,stuck_sensor,2017-09-07 22:00:00,2017-09-08 00:00:00,3,value=381
Eagle_office_Francis,power_active_kw,data_missing,2017-09-25 20:00:00,2017-09-25 20:00:00,1,
Eagle_office_Francis,power_active_kw,data_missing,2017-09-26 14:00:00,2017-09-26 14:00:00,1,
Eagle_office_Francis,power_active_kw,stuck_sensor,2017-12-16 23:00:00,2017-12-17 01:00:00,3,value=344
Eagle_office_Francis,power_active_kw,stuck_sensor,2017-12-31 02:00:00,2017-12-31 16:00:00,15,value=329
Eagle_office_Francis,power_active_kw,data_missing,2017-12-31 17:00:00,2017-12-31 17:00:00,1,
Eagle_office_Jackie,power_active_kw,stuck_sensor,2016-01-06 07:00:00,2016-01-06 14:00:00,8,value=80
Eagle_office_Jackie,power_active_kw,stuck_sensor,2016-01-10 06:00:00,2016-01-10 08:00:00,3,value=50
Eagle_office_Jackie,power_active_kw,stuck_sensor,2016-01-10 22:00:00,2016-01-11 02:00:00,5,value=57
Eagle_office_Jackie,power_active_kw,data_missing,2016-01-13 23:00:00,2016-01-13 23:00:00,1,
Eagle_office_Jackie,power_active_kw,stuck_sensor,2016-01-20 06:00:00,2016-01-20 09:00:00,4,value=54
Eagle_office_Jackie,power_active_kw,stuck_sensor,2016-01-21 05:00:00,2016-01-21 08:00:00,4,value=57
Eagle_office_Jackie,power_active_kw,stuck_sensor,2016-01-26 08:00:00,2016-01-26 10:00:00,3,value=62
Eagle_office_Jackie,power_active_kw,data_missing,2016-01-28 06:00:00,2016-01-28 06:00:00,1,
Eagle_office_Jackie,power_active_kw,stuck_sensor,2016-01-31 13:00:00,2016-01-31 15:00:00,3,value=71
Eagle_office_Jackie,power_active_kw,stuck_sensor,2016-02-21 13:00:00,2016-02-21 15:00:00,3,value=63
Eagle_office_Jackie,power_active_kw,stuck_sensor,2016-03-03 06:00:00,2016-03-03 08:00:00,3,value=63
Eagle_office_Jackie,power_active_kw,data_missing,2016-03-09 21:00:00,2016-03-09 21:00:00,1,
Eagle_office_Jackie,power_active_kw,stuck_sensor,2016-03-13 04:00:00,2016-03-13 18:00:00,15,value=60
Eagle_office_Jackie,power_active_kw,data_missing,2016-03-16 13:00:00,2016-03-16 13:00:00,1,
Eagle_office_Jackie,power_active_kw,stuck_sensor,2016-03-19 21:00:00,2016-03-20 00:00:00,4,value=61
Eagle_office_Jackie,power_active_kw,stuck_sensor,2016-03-20 16:00:00,2016-03-20 18:00:00,3,value=62
Eagle_office_Jackie,power_active_kw,stuck_sensor,2016-03-22 21:00:00,2016-03-23 09:00:00,13,value=92
Eagle_office_Jackie,power_active_kw,stuck_sensor,2016-03-25 08:00:00,2016-03-25 10:00:00,3,value=63
Eagle_office_Jackie,power_active_kw,stuck_sensor,2016-03-26 19:00:00,2016-03-26 21:00:00,3,value=53
Eagle_office_Jackie,power_active_kw,stuck_sensor,2016-03-27 01:00:00,2016-03-27 03:00:00,3,value=55
Eagle_office_Jackie,power_active_kw,stuck_sensor,2016-03-30 19:00:00,2016-03-30 21:00:00,3,value=95
Eagle_office_Jackie,power_active_kw,stuck_sensor,2016-04-03 06:00:00,2016-04-03 08:00:00,3,value=54
Eagle_office_Jackie,power_active_kw,stuck_sensor,2016-04-04 20:00:00,2016-04-04 22:00:00,3,value=94
Eagle_office_Jackie,power_active_kw,stuck_sensor,2016-04-10 01:00:00,2016-04-10 03:00:00,3,value=57
Eagle_office_Jackie,power_active_kw,stuck_sensor,2016-04-16 12:00:00,2016-04-16 16:00:00,5,value=64
Eagle_office_Jackie,power_active_kw,stuck_sensor,2016-04-22 06:00:00,2016-04-22 09:00:00,4,value=55
Eagle_office_Jackie,power_active_kw,stuck_sensor,2016-04-25 07:00:00,2016-04-25 09:00:00,3,value=51
Eagle_office_Jackie,power_active_kw,stuck_sensor,2016-04-30 21:00:00,2016-04-30 23:00:00,3,value=54
Eagle_office_Jackie,power_active_kw,stuck_sensor,2016-05-01 12:00:00,2016-05-01 14:00:00,3,value=67
Eagle_office_Jackie,power_active_kw,stuck_sensor,2016-05-04 07:00:00,2016-05-04 09:00:00,3,value=65
Eagle_office_Jackie,power_active_kw,stuck_sensor,2016-05-16 06:00:00,2016-05-16 08:00:00,3,value=48
Eagle_office_Jackie,power_active_kw,stuck_sensor,2016-05-22 10:00:00,2016-05-22 12:00:00,3,value=60
Eagle_office_Jackie,power_active_kw,stuck_sensor,2016-05-22 21:00:00,2016-05-22 23:00:00,3,value=53
Eagle_office_Jackie,power_active_kw,stuck_sensor,2016-05-26 04:00:00,2016-05-26 06:00:00,3,value=50
Eagle_office_Jackie,power_active_kw,data_missing,2016-05-26 14:00:00,2016-05-26 14:00:00,1,
Eagle_office_Jackie,power_active_kw,stuck_sensor,2016-06-07 06:00:00,2016-06-07 08:00:00,3,value=71
Eagle_office_Jackie,power_active_kw,stuck_sensor,2016-06-13 22:00:00,2016-06-14 00:00:00,3,value=77
Eagle_office_Jackie,power_active_kw,stuck_sensor,2016-06-20 01:00:00,2016-06-20 03:00:00,3,value=61
Eagle_office_Jackie,power_active_kw,stuck_sensor,2016-06-24 13:00:00,2016-06-24 15:00:00,3,value=84
Eagle_office_Jackie,power_active_kw,data_missing,2016-06-28 23:00:00,2016-06-29 21:00:00,23,
Eagle_office_Jackie,power_active_kw,stuck_sensor,2016-06-30 23:00:00,2016-07-01 10:00:00,12,value=94
Eagle_office_Jackie,power_active_kw,stuck_sensor,2016-07-01 11:00:00,2016-07-01 22:00:00,12,value=80
Eagle_office_Jackie,power_active_kw,data_missing,2016-07-01 23:00:00,2016-07-02 22:00:00,24,
Eagle_office_Jackie,power_active_kw,data_missing,2016-07-05 23:00:00,2016-07-05 23:00:00,1,
Eagle_office_Jackie,power_active_kw,stuck_sensor,2016-07-09 06:00:00,2016-07-09 08:00:00,3,value=75
Eagle_office_Jackie,power_active_kw,stuck_sensor,2016-07-10 00:00:00,2016-07-10 02:00:00,3,value=61
Eagle_office_Jackie,power_active_kw,stuck_sensor,2016-07-11 14:00:00,2016-07-11 16:00:00,3,value=94
Eagle_office_Jackie,power_active_kw,stuck_sensor,2016-07-11 22:00:00,2016-07-12 01:00:00,4,value=80
Eagle_office_Jackie,power_active_kw,stuck_sensor,2016-07-15 06:00:00,2016-07-15 08:00:00,3,value=72
Eagle_office_Jackie,power_active_kw,stuck_sensor,2016-07-16 05:00:00,2016-07-18 18:00:00,62,value=75
Eagle_office_Jackie,power_active_kw,stuck_sensor,2016-07-18 19:00:00,2016-07-19 10:00:00,16,value=122
Eagle_office_Jackie,power_active_kw,data_missing,2016-07-19 13:00:00,2016-07-19 13:00:00,1,
Eagle_office_Jackie,power_active_kw,stuck_sensor,2016-07-19 23:00:00,2016-07-20 01:00:00,3,value=82
Eagle_office_Jackie,power_active_kw,stuck_sensor,2016-07-24 04:00:00,2016-07-24 06:00:00,3,value=71
Eagle_office_Jackie,power_active_kw,data_missing,2016-07-25 23:00:00,2016-07-27 15:00:00,41,
Eagle_office_Jackie,power_active_kw,stuck_sensor,2016-07-28 15:00:00,2016-07-28 17:00:00,3,value=96
Eagle_office_Jackie,power_active_kw,stuck_sensor,2016-07-29 07:00:00,2016-07-29 09:00:00,3,value=80
Eagle_office_Jackie,power_active_kw,data_missing,2016-08-01 14:00:00,2016-08-01 18:00:00,5,
Eagle_office_Jackie,power_active_kw,stuck_sensor,2016-08-02 07:00:00,2016-08-02 09:00:00,3,value=72
Eagle_office_Jackie,power_active_kw,stuck_sensor,2016-08-07 19:00:00,2016-08-07 21:00:00,3,value=69
Eagle_office_Jackie,power_active_kw,stuck_sensor,2016-08-09 17:00:00,2016-08-09 19:00:00,3,value=83
Eagle_office_Jackie,power_active_kw,stuck_sensor,2016-08-11 12:00:00,2016-08-11 14:00:00,3,value=109
Eagle_office_Jackie,power_active_kw,stuck_sensor,2016-08-11 15:00:00,2016-08-11 17:00:00,3,value=95
Eagle_office_Jackie,power_active_kw,data_missing,2016-08-11 18:00:00,2016-08-11 18:00:00,1,
Eagle_office_Jackie,power_active_kw,stuck_sensor,2016-08-18 05:00:00,2016-08-18 09:00:00,5,value=71
Eagle_office_Jackie,power_active_kw,data_missing,2016-08-19 14:00:00,2016-08-19 14:00:00,1,
Eagle_office_Jackie,power_active_kw,stuck_sensor,2016-08-20 18:00:00,2016-08-20 21:00:00,4,value=75
Eagle_office_Jackie,power_active_kw,data_missing,2016-08-24 23:00:00,2016-08-25 22:00:00,24,
Eagle_office_Jackie,power_active_kw,data_missing,2016-09-07 21:00:00,2016-09-07 21:00:00,1,
Eagle_office_Jackie,power_active_kw,data_missing,2016-09-15 08:00:00,2016-09-15 08:00:00,1,
Eagle_office_Jackie,power_active_kw,stuck_sensor,2016-09-24 01:00:00,2016-09-24 03:00:00,3,value=70
Eagle_office_Jackie,power_active_kw,stuck_sensor,2016-10-01 10:00:00,2016-10-01 12:00:00,3,value=72
Eagle_office_Jackie,power_active_kw,stuck_sensor,2016-10-01 17:00:00,2016-10-01 19:00:00,3,value=66
Eagle_office_Jackie,power_active_kw,stuck_sensor,2016-10-02 19:00:00,2016-10-02 21:00:00,3,value=70
Eagle_office_Jackie,power_active_kw,stuck_sensor,2016-10-04 06:00:00,2016-10-04 08:00:00,3,value=54
Eagle_office_Jackie,power_active_kw,stuck_sensor,2016-10-04 15:00:00,2016-10-04 18:00:00,4,value=84
Eagle_office_Jackie,power_active_kw,stuck_sensor,2016-10-09 04:00:00,2016-10-09 06:00:00,3,value=52
Eagle_office_Jackie,power_active_kw,stuck_sensor,2016-10-12 17:00:00,2016-10-12 19:00:00,3,value=103
Eagle_office_Jackie,power_active_kw,stuck_sensor,2016-10-22 17:00:00,2016-10-22 19:00:00,3,value=61
Eagle_office_Jackie,power_active_kw,stuck_sensor,2016-10-29 18:00:00,2016-10-29 21:00:00,4,value=60
Eagle_office_Jackie,power_active_kw,stuck_sensor,2016-10-30 10:00:00,2016-10-30 12:00:00,3,value=63
Eagle_office_Jackie,power_active_kw,stuck_sensor,2016-11-06 00:00:00,2016-11-06 03:00:00,4,value=58
Eagle_office_Jackie,power_active_kw,stuck_sensor,2016-11-24 20:00:00,2016-11-24 22:00:00,3,value=54
Eagle_office_Jackie,power_active_kw,stuck_sensor,2016-12-01 06:00:00,2016-12-01 13:00:00,8,value=57
Eagle_office_Jackie,power_active_kw,data_missing,2016-12-08 15:00:00,2016-12-09 14:00:00,24,
Eagle_office_Jackie,power_active_kw,data_missing,2016-12-09 16:00:00,2016-12-09 18:00:00,3,
Eagle_office_Jackie,power_active_kw,stuck_sensor,2016-12-16 08:00:00,2016-12-16 10:00:00,3,value=69
Eagle_office_Jackie,power_active_kw,stuck_sensor,2016-12-25 06:00:00,2016-12-25 09:00:00,4,value=55
Eagle_office_Jackie,power_active_kw,stuck_sensor,2016-12-31 01:00:00,2016-12-31 03:00:00,3,value=69
Eagle_office_Jackie,power_active_kw,stuck_sensor,2017-01-04 15:00:00,2017-01-04 18:00:00,4,value=81
Eagle_office_Jackie,power_active_kw,stuck_sensor,2017-01-07 07:00:00,2017-01-07 09:00:00,3,value=56
Eagle_office_Jackie,power_active_kw,stuck_sensor,2017-01-10 02:00:00,2017-01-10 04:00:00,3,value=58
Eagle_office_Jackie,power_active_kw,data_missing,2017-01-17 12:00:00,2017-01-17 12:00:00,1,
Eagle_office_Jackie,power_active_kw,stuck_sensor,2017-01-18 06:00:00,2017-01-18 08:00:00,3,value=67
Eagle_office_Jackie,power_active_kw,stuck_sensor,2017-01-19 14:00:00,2017-01-20 14:00:00,25,value=78
Eagle_office_Jackie,power_active_kw,stuck_sensor,2017-01-21 12:00:00,2017-01-21 14:00:00,3,value=65
Eagle_office_Jackie,power_active_kw,stuck_sensor,2017-01-29 08:00:00,2017-01-29 10:00:00,3,value=48
Eagle_office_Jackie,power_active_kw,data_missing,2017-01-31 19:00:00,2017-01-31 19:00:00,1,
Eagle_office_Jackie,power_active_kw,stuck_sensor,2017-02-04 07:00:00,2017-02-04 09:00:00,3,value=57
Eagle_office_Jackie,power_active_kw,stuck_sensor,2017-02-04 16:00:00,2017-02-04 18:00:00,3,value=65
Eagle_office_Jackie,power_active_kw,stuck_sensor,2017-02-07 08:00:00,2017-02-07 10:00:00,3,value=48
Eagle_office_Jackie,power_active_kw,stuck_sensor,2017-02-09 18:00:00,2017-02-09 20:00:00,3,value=102
Eagle_office_Jackie,power_active_kw,stuck_sensor,2017-02-17 05:00:00,2017-02-17 07:00:00,3,value=50
Eagle_office_Jackie,power_active_kw,stuck_sensor,2017-02-18 07:00:00,2017-02-18 09:00:00,3,value=51
Eagle_office_Jackie,power_active_kw,data_missing,2017-03-07 16:00:00,2017-03-07 16:00:00,1,
Eagle_office_Jackie,power_active_kw,stuck_sensor,2017-03-09 00:00:00,2017-03-09 02:00:00,3,value=60
Eagle_office_Jackie,power_active_kw,stuck_sensor,2017-03-10 07:00:00,2017-03-10 09:00:00,3,value=39
Eagle_office_Jackie,power_active_kw,stuck_sensor,2017-03-18 00:00:00,2017-03-18 02:00:00,3,value=61
Eagle_office_Jackie,power_active_kw,stuck_sensor,2017-03-19 15:00:00,2017-03-19 17:00:00,3,value=54
Eagle_office_Jackie,power_active_kw,stuck_sensor,2017-03-30 07:00:00,2017-03-30 09:00:00,3,value=46
Eagle_office_Jackie,power_active_kw,data_missing,2017-04-01 11:00:00,2017-04-01 21:00:00,11,
Eagle_office_Jackie,power_active_kw,stuck_sensor,2017-04-02 02:00:00,2017-04-02 04:00:00,3,value=51
Eagle_office_Jackie,power_active_kw,data_missing,2017-04-06 18:00:00,2017-04-06 18:00:00,1,
Eagle_office_Jackie,power_active_kw,stuck_sensor,2017-04-19 07:00:00,2017-04-19 09:00:00,3,value=51
Eagle_office_Jackie,power_active_kw,stuck_sensor,2017-04-20 02:00:00,2017-04-20 14:00:00,13,value=74
Eagle_office_Jackie,power_active_kw,stuck_sensor,2017-04-21 06:00:00,2017-04-21 08:00:00,3,value=45
Eagle_office_Jackie,power_active_kw,stuck_sensor,2017-04-22 18:00:00,2017-04-22 21:00:00,4,value=64
Eagle_office_Jackie,power_active_kw,stuck_sensor,2017-04-30 07:00:00,2017-04-30 09:00:00,3,value=52
Eagle_office_Jackie,power_active_kw,stuck_sensor,2017-05-07 01:00:00,2017-05-07 03:00:00,3,value=64
Eagle_office_Jackie,power_active_kw,stuck_sensor,2017-05-07 12:00:00,2017-05-07 14:00:00,3,value=59
Eagle_office_Jackie,power_active_kw,stuck_sensor,2017-05-19 05:00:00,2017-05-19 07:00:00,3,value=58
Eagle_office_Jackie,power_active_kw,data_missing,2017-05-25 05:00:00,2017-05-25 05:00:00,1,
Eagle_office_Jackie,power_active_kw,stuck_sensor,2017-05-26 01:00:00,2017-05-26 03:00:00,3,value=65
Eagle_office_Jackie,power_active_kw,stuck_sensor,2017-05-27 06:00:00,2017-05-27 09:00:00,4,value=44
Eagle_office_Jackie,power_active_kw,stuck_sensor,2017-06-05 07:00:00,2017-06-05 09:00:00,3,value=43
Eagle_office_Jackie,power_active_kw,stuck_sensor,2017-06-16 06:00:00,2017-06-16 08:00:00,3,value=46
Eagle_office_Jackie,power_active_kw,data_missing,2017-06-16 11:00:00,2017-06-16 11:00:00,1,
Eagle_office_Jackie,power_active_kw,stuck_sensor,2017-06-17 21:00:00,2017-06-17 23:00:00,3,value=53
Eagle_office_Jackie,power_active_kw,stuck_sensor,2017-06-21 05:00:00,2017-06-21 07:00:00,3,value=46
Eagle_office_Jackie,power_active_kw,stuck_sensor,2017-06-23 19:00:00,2017-06-23 21:00:00,3,value=78
Eagle_office_Jackie,power_active_kw,stuck_sensor,2017-06-27 16:00:00,2017-06-27 18:00:00,3,value=73
Eagle_office_Jackie,power_active_kw,data_missing,2017-07-06 06:00:00,2017-07-06 06:00:00,1,
Eagle_office_Jackie,power_active_kw,stuck_sensor,2017-07-11 20:00:00,2017-07-11 22:00:00,3,value=76
Eagle_office_Jackie,power_active_kw,data_missing,2017-07-12 15:00:00,2017-07-12 15:00:00,1,
Eagle_office_Jackie,power_active_kw,data_missing,2017-07-12 20:00:00,2017-07-12 20:00:00,1,
Eagle_office_Jackie,power_active_kw,data_missing,2017-07-13 15:00:00,2017-07-13 15:00:00,1,
Eagle_office_Jackie,power_active_kw,stuck_sensor,2017-07-14 15:00:00,2017-07-14 17:00:00,3,value=78
Eagle_office_Jackie,power_active_kw,stuck_sensor,2017-07-19 07:00:00,2017-07-19 09:00:00,3,value=45
Eagle_office_Jackie,power_active_kw,data_missing,2017-07-20 18:00:00,2017-07-20 19:00:00,2,
Eagle_office_Jackie,power_active_kw,stuck_sensor,2017-08-06 20:00:00,2017-08-06 22:00:00,3,value=54
Eagle_office_Jackie,power_active_kw,stuck_sensor,2017-08-09 01:00:00,2017-08-09 03:00:00,3,value=61
Eagle_office_Jackie,power_active_kw,stuck_sensor,2017-08-13 07:00:00,2017-08-13 09:00:00,3,value=42
Eagle_office_Jackie,power_active_kw,stuck_sensor,2017-08-21 06:00:00,2017-08-21 08:00:00,3,value=46
Eagle_office_Jackie,power_active_kw,stuck_sensor,2017-08-26 01:00:00,2017-08-26 03:00:00,3,value=68
Eagle_office_Jackie,power_active_kw,stuck_sensor,2017-08-26 05:00:00,2017-08-26 07:00:00,3,value=49
Eagle_office_Jackie,power_active_kw,stuck_sensor,2017-08-27 06:00:00,2017-08-27 09:00:00,4,value=50
Eagle_office_Jackie,power_active_kw,data_missing,2017-08-29 20:00:00,2017-08-29 20:00:00,1,
Eagle_office_Jackie,power_active_kw,stuck_sensor,2017-09-17 12:00:00,2017-09-17 14:00:00,3,value=59
Eagle_office_Jackie,power_active_kw,stuck_sensor,2017-09-18 06:00:00,2017-09-18 08:00:00,3,value=44
Eagle_office_Jackie,power_active_kw,stuck_sensor,2017-09-24 07:00:00,2017-09-24 09:00:00,3,value=48
Eagle_office_Jackie,power_active_kw,data_missing,2017-09-25 20:00:00,2017-09-25 20:00:00,1,
Eagle_office_Jackie,power_active_kw,data_missing,2017-09-26 14:00:00,2017-09-26 14:00:00,1,
Eagle_office_Jackie,power_active_kw,stuck_sensor,2017-10-08 01:00:00,2017-10-08 03:00:00,3,value=57
Eagle_office_Jackie,power_active_kw,stuck_sensor,2017-10-09 07:00:00,2017-10-09 09:00:00,3,value=47
Eagle_office_Jackie,power_active_kw,stuck_sensor,2017-10-12 05:00:00,2017-10-12 07:00:00,3,value=52
Eagle_office_Jackie,power_active_kw,stuck_sensor,2017-10-31 22:00:00,2017-11-01 00:00:00,3,value=67
Eagle_office_Jackie,power_active_kw,stuck_sensor,2017-11-15 08:00:00,2017-11-15 10:00:00,3,value=48
Eagle_office_Jackie,power_active_kw,stuck_sensor,2017-11-19 01:00:00,2017-11-19 04:00:00,4,value=54
Eagle_office_Jackie,power_active_kw,stuck_sensor,2017-11-25 18:00:00,2017-11-25 21:00:00,4,value=45
Eagle_office_Jackie,power_active_kw,stuck_sensor,2017-11-26 23:00:00,2017-11-27 01:00:00,3,value=50
Eagle_office_Jackie,power_active_kw,stuck_sensor,2017-11-27 03:00:00,2017-11-27 05:00:00,3,value=57
Eagle_office_Jackie,power_active_kw,stuck_sensor,2017-12-03 15:00:00,2017-12-03 17:00:00,3,value=56
Eagle_office_Jackie,power_active_kw,stuck_sensor,2017-12-04 08:00:00,2017-12-04 10:00:00,3,value=49
Eagle_office_Jackie,power_active_kw,stuck_sensor,2017-12-14 08:00:00,2017-12-14 10:00:00,3,value=53
Eagle_office_Jackie,power_active_kw,stuck_sensor,2017-12-16 01:00:00,2017-12-16 03:00:00,3,value=66
Eagle_office_Jackie,power_active_kw,stuck_sensor,2017-12-17 13:00:00,2017-12-17 15:00:00,3,value=52
Eagle_office_Jackie,power_active_kw,stuck_sensor,2017-12-22 06:00:00,2017-12-22 08:00:00,3,value=49
Eagle_office_Jackie,power_active_kw,stuck_sensor,2017-12-26 00:00:00,2017-12-26 02:00:00,3,value=44
Eagle_office_Jackie,power_active_kw,stuck_sensor,2017-12-30 23:00:00,2017-12-31 02:00:00,4,value=54
Eagle_office_Jackie,power_active_kw,stuck_sensor,2017-12-31 14:00:00,2017-12-31 16:00:00,3,value=51
Eagle_office_Lillian,power_active_kw,stuck_sensor,2016-01-03 22:00:00,2016-01-05 12:00:00,39,value=131.2
Eagle_office_Lillian,power_active_kw,data_missing,2016-01-13 23:00:00,2016-01-13 23:00:00,1,
Eagle_office_Lillian,power_active_kw,data_missing,2016-01-14 08:00:00,2016-01-14 08:00:00,1,
Eagle_office_Lillian,power_active_kw,data_missing,2016-01-20 16:00:00,2016-01-21 06:00:00,15,
Eagle_office_Lillian,power_active_kw,data_missing,2016-01-22 22:00:00,2016-01-23 08:00:00,11,
Eagle_office_Lillian,power_active_kw,data_missing,2016-01-25 16:00:00,2016-01-25 16:00:00,1,
Eagle_office_Lillian,power_active_kw,data_missing,2016-01-28 06:00:00,2016-01-28 06:00:00,1,
Eagle_office_Lillian,power_active_kw,data_missing,2016-02-05 07:00:00,2016-02-05 07:00:00,1,
Eagle_office_Lillian,power_active_kw,stuck_sensor,2016-02-23 16:00:00,2016-02-23 18:00:00,3,value=109.7
Eagle_office_Lillian,power_active_kw,data_missing,2016-02-25 13:00:00,2016-02-25 13:00:00,1,
Eagle_office_Lillian,power_active_kw,data_missing,2016-03-09 21:00:00,2016-03-09 21:00:00,1,
Eagle_office_Lillian,power_active_kw,data_missing,2016-03-16 13:00:00,2016-03-16 13:00:00,1,
Eagle_office_Lillian,power_active_kw,stuck_sensor,2016-03-19 21:00:00,2016-03-20 00:00:00,4,value=94.12
Eagle_office_Lillian,power_active_kw,stuck_sensor,2016-03-22 21:00:00,2016-03-23 09:00:00,13,value=112.1
Eagle_office_Lillian,power_active_kw,data_missing,2016-04-02 03:00:00,2016-04-02 07:00:00,5,
Eagle_office_Lillian,power_active_kw,data_missing,2016-04-15 02:00:00,2016-04-15 03:00:00,2,
Eagle_office_Lillian,power_active_kw,stuck_sensor,2016-04-16 11:00:00,2016-04-16 16:00:00,6,value=92.42
Eagle_office_Lillian,power_active_kw,stuck_sensor,2016-04-28 05:00:00,2016-04-28 07:00:00,3,value=88.68
Eagle_office_Lillian,power_active_kw,stuck_sensor,2016-04-29 00:00:00,2016-04-29 02:00:00,3,value=92.76
Eagle_office_Lillian,power_active_kw,stuck_sensor,2016-05-02 00:00:00,2016-05-02 02:00:00,3,value=81.88
Eagle_office_Lillian,power_active_kw,data_missing,2016-05-17 14:00:00,2016-05-17 14:00:00,1,
Eagle_office_Lillian,power_active_kw,data_missing,2016-05-26 14:00:00,2016-05-26 14:00:00,1,
Eagle_office_Lillian,power_active_kw,stuck_sensor,2016-06-05 03:00:00,2016-06-05 05:00:00,3,value=73.39
Eagle_office_Lillian,power_active_kw,data_missing,2016-06-13 21:00:00,2016-06-13 21:00:00,1,
Eagle_office_Lillian,power_active_kw,data_missing,2016-06-28 23:00:00,2016-06-29 21:00:00,23,
Eagle_office_Lillian,power_active_kw,stuck_sensor,2016-06-30 22:00:00,2016-07-01 10:00:00,13,value=87.66
Eagle_office_Lillian,power_active_kw,data_missing,2016-07-01 11:00:00,2016-07-02 22:00:00,36,
Eagle_office_Lillian,power_active_kw,data_missing,2016-07-05 23:00:00,2016-07-05 23:00:00,1,
Eagle_office_Lillian,power_active_kw,stuck_sensor,2016-07-16 05:00:00,2016-07-18 18:00:00,62,value=73.73
Eagle_office_Lillian,power_active_kw,stuck_sensor,2016-07-18 19:00:00,2016-07-19 10:00:00,16,value=96.15
Eagle_office_Lillian,power_active_kw,data_missing,2016-07-19 13:00:00,2016-07-19 13:00:00,1,
Eagle_office_Lillian,power_active_kw,stuck_sensor,2016-07-19 23:00:00,2016-07-20 01:00:00,3,value=87.66
Eagle_office_Lillian,power_active_kw,stuck_sensor,2016-07-24 04:00:00,2016-07-24 08:00:00,5,value=72.03
Eagle_office_Lillian,power_active_kw,data_missing,2016-07-25 23:00:00,2016-07-27 15:00:00,41,
Eagle_office_Lillian,power_active_kw,data_missing,2016-08-01 14:00:00,2016-08-01 18:00:00,5,
Eagle_office_Lillian,power_active_kw,stuck_sensor,2016-08-11 12:00:00,2016-08-11 14:00:00,3,value=94.46
Eagle_office_Lillian,power_active_kw,stuck_sensor,2016-08-11 15:00:00,2016-08-11 17:00:00,3,value=89.02
Eagle_office_Lillian,power_active_kw,data_missing,2016-08-11 18:00:00,2016-08-11 18:00:00,1,
Eagle_office_Lillian,power_active_kw,data_missing,2016-08-19 14:00:00,2016-08-19 14:00:00,1,
Eagle_office_Lillian,power_active_kw,data_missing,2016-08-24 23:00:00,2016-08-25 22:00:00,24,
Eagle_office_Lillian,power_active_kw,data_missing,2016-09-01 16:00:00,2016-09-01 16:00:00,1,
Eagle_office_Lillian,power_active_kw,data_missing,2016-09-01 20:00:00,2016-09-01 20:00:00,1,
Eagle_office_Lillian,power_active_kw,data_missing,2016-09-02 19:00:00,2016-09-02 19:00:00,1,
Eagle_office_Lillian,power_active_kw,data_missing,2016-09-15 08:00:00,2016-09-15 08:00:00,1,
Eagle_office_Lillian,power_active_kw,data_missing,2016-09-28 08:00:00,2016-10-11 17:00:00,322,
Eagle_office_Lillian,power_active_kw,stuck_sensor,2016-10-12 17:00:00,2016-10-12 19:00:00,3,value=35.99
Eagle_office_Lillian,power_active_kw,stuck_sensor,2016-12-01 06:00:00,2016-12-01 13:00:00,8,value=15.42
Eagle_office_Lillian,power_active_kw,data_missing,2016-12-08 15:00:00,2016-12-09 14:00:00,24,
Eagle_office_Lillian,power_active_kw,data_missing,2016-12-09 16:00:00,2016-12-09 18:00:00,3,
Eagle_office_Lillian,power_active_kw,data_missing,2016-12-29 08:00:00,2016-12-29 08:00:00,1,
Eagle_office_Lillian,power_active_kw,data_missing,2017-01-17 12:00:00,2017-01-17 12:00:00,1,
Eagle_office_Lillian,power_active_kw,data_missing,2017-01-31 19:00:00,2017-01-31 19:00:00,1,
Eagle_office_Lillian,power_active_kw,data_missing,2017-04-01 11:00:00,2017-04-01 21:00:00,11,
Eagle_office_Lillian,power_active_kw,data_missing,2017-04-06 18:00:00,2017-04-06 18:00:00,1,
Eagle_office_Lillian,power_active_kw,stuck_sensor,2017-04-20 02:00:00,2017-04-20 14:00:00,13,value=15.26
Eagle_office_Lillian,power_active_kw,data_missing,2017-05-25 05:00:00,2017-05-25 05:00:00,1,
Eagle_office_Lillian,power_active_kw,data_missing,2017-06-16 11:00:00,2017-06-16 11:00:00,1,
Eagle_office_Lillian,power_active_kw,data_missing,2017-07-06 06:00:00,2017-07-06 06:00:00,1,
Eagle_office_Lillian,power_active_kw,data_missing,2017-07-12 15:00:00,2017-07-12 15:00:00,1,
Eagle_office_Lillian,power_active_kw,data_missing,2017-07-12 20:00:00,2017-07-12 20:00:00,1,
Eagle_office_Lillian,power_active_kw,data_missing,2017-07-13 15:00:00,2017-07-13 15:00:00,1,
Eagle_office_Lillian,power_active_kw,data_missing,2017-07-20 18:00:00,2017-07-20 19:00:00,2,
Eagle_office_Lillian,power_active_kw,data_missing,2017-08-29 20:00:00,2017-08-29 20:00:00,1,
Eagle_office_Lillian,power_active_kw,stuck_sensor,2017-09-17 05:00:00,2017-09-17 07:00:00,3,value=12.82
Eagle_office_Lillian,power_active_kw,data_missing,2017-09-25 20:00:00,2017-09-25 20:00:00,1,
Eagle_office_Lillian,power_active_kw,data_missing,2017-09-26 14:00:00,2017-09-26 14:00:00,1,
Eagle_office_Lillian,power_active_kw,data_missing,2017-12-31 03:00:00,2017-12-31 17:00:00,15,
Eagle_office_Patrice,power_active_kw,data_missing,2016-01-13 23:00:00,2016-01-13 23:00:00,1,
Eagle_office_Patrice,power_active_kw,data_missing,2016-01-28 06:00:00,2016-01-28 06:00:00,1,
Eagle_office_Patrice,power_active_kw,data_missing,2016-03-09 21:00:00,2016-03-09 21:00:00,1,
Eagle_office_Patrice,power_active_kw,data_missing,2016-03-16 13:00:00,2016-03-16 13:00:00,1,
Eagle_office_Patrice,power_active_kw,stuck_sensor,2016-03-19 21:00:00,2016-03-20 00:00:00,4,value=85.9
Eagle_office_Patrice,power_active_kw,stuck_sensor,2016-03-22 21:00:00,2016-03-23 09:00:00,13,value=118.2
Eagle_office_Patrice,power_active_kw,stuck_sensor,2016-04-16 12:00:00,2016-04-16 16:00:00,5,value=95.5
Eagle_office_Patrice,power_active_kw,data_missing,2016-05-26 14:00:00,2016-05-26 14:00:00,1,
Eagle_office_Patrice,power_active_kw,data_missing,2016-06-28 23:00:00,2016-06-29 21:00:00,23,
Eagle_office_Patrice,power_active_kw,stuck_sensor,2016-06-30 23:00:00,2016-07-01 10:00:00,12,value=69.6
Eagle_office_Patrice,power_active_kw,stuck_sensor,2016-07-01 11:00:00,2016-07-01 22:00:00,12,value=71.1
Eagle_office_Patrice,power_active_kw,data_missing,2016-07-01 23:00:00,2016-07-02 22:00:00,24,
Eagle_office_Patrice,power_active_kw,data_missing,2016-07-05 23:00:00,2016-07-05 23:00:00,1,
Eagle_office_Patrice,power_active_kw,stuck_sensor,2016-07-16 05:00:00,2016-07-18 18:00:00,62,value=62.3
Eagle_office_Patrice,power_active_kw,stuck_sensor,2016-07-18 19:00:00,2016-07-19 10:00:00,16,value=87.6
Eagle_office_Patrice,power_active_kw,data_missing,2016-07-19 13:00:00,2016-07-19 13:00:00,1,
Eagle_office_Patrice,power_active_kw,data_missing,2016-07-25 23:00:00,2016-07-27 15:00:00,41,
Eagle_office_Patrice,power_active_kw,data_missing,2016-08-01 14:00:00,2016-08-01 18:00:00,5,
Eagle_office_Patrice,power_active_kw,stuck_sensor,2016-08-09 03:00:00,2016-08-09 06:00:00,4,value=69.3
Eagle_office_Patrice,power_active_kw,stuck_sensor,2016-08-11 12:00:00,2016-08-11 14:00:00,3,value=87.3
Eagle_office_Patrice,power_active_kw,stuck_sensor,2016-08-11 15:00:00,2016-08-11 17:00:00,3,value=83.1
Eagle_office_Patrice,power_active_kw,data_missing,2016-08-11 18:00:00,2016-08-11 18:00:00,1,
Eagle_office_Patrice,power_active_kw,data_missing,2016-08-19 14:00:00,2016-08-19 14:00:00,1,
Eagle_office_Patrice,power_active_kw,data_missing,2016-08-24 23:00:00,2016-08-25 22:00:00,24,
Eagle_office_Patrice,power_active_kw,data_missing,2016-09-15 08:00:00,2016-09-15 08:00:00,1,
Eagle_office_Patrice,power_active_kw,stuck_sensor,2016-10-12 17:00:00,2016-10-12 19:00:00,3,value=149.6
Eagle_office_Patrice,power_active_kw,stuck_sensor,2016-12-01 06:00:00,2016-12-01 13:00:00,8,value=77.9
Eagle_office_Patrice,power_active_kw,data_missing,2016-12-08 15:00:00,2016-12-09 14:00:00,24,
Eagle_office_Patrice,power_active_kw,data_missing,2016-12-09 16:00:00,2016-12-09 18:00:00,3,
Eagle_office_Patrice,power_active_kw,data_missing,2017-01-17 12:00:00,2017-01-17 12:00:00,1,
Eagle_office_Patrice,power_active_kw,data_missing,2017-01-31 19:00:00,2017-01-31 19:00:00,1,
Eagle_office_Patrice,power_active_kw,data_missing,2017-04-01 11:00:00,2017-04-01 21:00:00,11,
Eagle_office_Patrice,power_active_kw,data_missing,2017-04-06 18:00:00,2017-04-06 18:00:00,1,
Eagle_office_Patrice,power_active_kw,stuck_sensor,2017-04-20 02:00:00,2017-04-20 14:00:00,13,value=74.5
Eagle_office_Patrice,power_active_kw,data_missing,2017-05-25 05:00:00,2017-05-25 05:00:00,1,
Eagle_office_Patrice,power_active_kw,data_missing,2017-06-16 11:00:00,2017-06-16 11:00:00,1,
Eagle_office_Patrice,power_active_kw,data_missing,2017-07-06 06:00:00,2017-07-06 06:00:00,1,
Eagle_office_Patrice,power_active_kw,data_missing,2017-07-12 15:00:00,2017-07-12 15:00:00,1,
Eagle_office_Patrice,power_active_kw,data_missing,2017-07-12 20:00:00,2017-07-12 20:00:00,1,
Eagle_office_Patrice,power_active_kw,data_missing,2017-07-13 15:00:00,2017-07-13 15:00:00,1,
Eagle_office_Patrice,power_active_kw,data_missing,2017-07-20 18:00:00,2017-07-20 19:00:00,2,
Eagle_office_Patrice,power_active_kw,data_missing,2017-08-29 20:00:00,2017-08-29 20:00:00,1,
Eagle_office_Patrice,power_active_kw,data_missing,2017-09-25 20:00:00,2017-09-25 20:00:00,1,
Eagle_office_Patrice,power_active_kw,data_missing,2017-09-26 14:00:00,2017-09-26 14:00:00,1,
Eagle_office_Randolph,power_active_kw,data_missing,2016-01-13 23:00:00,2016-01-13 23:00:00,1,
Eagle_office_Randolph,power_active_kw,stuck_sensor,2016-01-15 06:00:00,2016-01-15 08:00:00,3,value=135.4
Eagle_office_Randolph,power_active_kw,data_missing,2016-01-28 19:00:00,2016-01-28 20:00:00,2,
Eagle_office_Randolph,power_active_kw,data_missing,2016-02-17 14:00:00,2016-02-17 14:00:00,1,
Eagle_office_Randolph,power_active_kw,data_missing,2016-02-25 12:00:00,2016-02-25 12:00:00,1,
Eagle_office_Randolph,power_active_kw,data_missing,2016-03-09 21:00:00,2016-03-09 21:00:00,1,
Eagle_office_Randolph,power_active_kw,data_missing,2016-03-18 00:00:00,2016-03-18 00:00:00,1,
Eagle_office_Randolph,power_active_kw,stuck_sensor,2016-03-19 21:00:00,2016-03-20 00:00:00,4,value=85.64
Eagle_office_Randolph,power_active_kw,stuck_sensor,2016-03-22 21:00:00,2016-03-23 09:00:00,13,value=145.2
Eagle_office_Randolph,power_active_kw,data_missing,2016-04-16 11:00:00,2016-04-16 11:00:00,1,
Eagle_office_Randolph,power_active_kw,stuck_sensor,2016-04-16 12:00:00,2016-04-16 16:00:00,5,value=119.9
Eagle_office_Randolph,power_active_kw,data_missing,2016-04-21 16:00:00,2016-04-21 16:00:00,1,
Eagle_office_Randolph,power_active_kw,stuck_sensor,2016-05-12 10:00:00,2016-05-12 12:00:00,3,value=82.48
Eagle_office_Randolph,power_active_kw,data_missing,2016-06-27 11:00:00,2016-06-27 11:00:00,1,
Eagle_office_Randolph,power_active_kw,stuck_sensor,2016-07-16 04:00:00,2016-07-19 10:00:00,79,value=73.74
Eagle_office_Randolph,power_active_kw,data_missing,2016-08-09 13:00:00,2016-08-09 17:00:00,5,
Eagle_office_Randolph,power_active_kw,data_missing,2016-08-10 11:00:00,2016-08-10 11:00:00,1,
Eagle_office_Randolph,power_active_kw,stuck_sensor,2016-08-11 11:00:00,2016-08-11 17:00:00,7,value=118.7
Eagle_office_Randolph,power_active_kw,data_missing,2016-08-11 18:00:00,2016-08-12 16:00:00,23,
Eagle_office_Randolph,power_active_kw,data_missing,2016-09-16 15:00:00,2016-09-16 15:00:00,1,
Eagle_office_Randolph,power_active_kw,data_missing,2016-09-20 20:00:00,2016-09-20 20:00:00,1,
Eagle_office_Randolph,power_active_kw,data_missing,2016-09-28 19:00:00,2016-09-28 19:00:00,1,
Eagle_office_Randolph,power_active_kw,data_missing,2016-10-14 14:00:00,2016-10-14 14:00:00,1,
Eagle_office_Randolph,power_active_kw,data_missing,2016-11-12 04:00:00,2016-11-12 04:00:00,1,
Eagle_office_Randolph,power_active_kw,stuck_sensor,2016-12-01 11:00:00,2016-12-01 13:00:00,3,value=114.6
Eagle_office_Randolph,power_active_kw,data_missing,2016-12-03 08:00:00,2016-12-03 08:00:00,1,
Eagle_office_Randolph,power_active_kw,data_missing,2017-01-17 04:00:00,2017-01-17 12:00:00,9,
Eagle_office_Randolph,power_active_kw,data_missing,2017-02-16 17:00:00,2017-02-16 20:00:00,4,
Eagle_office_Randolph,power_active_kw,data_missing,2017-02-23 21:00:00,2017-02-23 21:00:00,1,
Eagle_office_Randolph,power_active_kw,data_missing,2017-02-27 21:00:00,2017-02-27 21:00:00,1,
Eagle_office_Randolph,power_active_kw,data_missing,2017-03-01 16:00:00,2017-03-01 16:00:00,1,
Eagle_office_Randolph,power_active_kw,data_missing,2017-03-02 17:00:00,2017-03-02 17:00:00,1,
Eagle_office_Randolph,power_active_kw,data_missing,2017-03-07 16:00:00,2017-03-07 16:00:00,1,
Eagle_office_Randolph,power_active_kw,data_missing,2017-03-14 19:00:00,2017-03-14 19:00:00,1,
Eagle_office_Randolph,power_active_kw,data_missing,2017-04-01 10:00:00,2017-04-01 18:00:00,9,
Eagle_office_Randolph,power_active_kw,data_missing,2017-04-07 13:00:00,2017-04-07 13:00:00,1,
Eagle_office_Randolph,power_active_kw,data_missing,2017-04-07 17:00:00,2017-04-07 17:00:00,1,
Eagle_office_Randolph,power_active_kw,data_missing,2017-04-10 12:00:00,2017-04-10 12:00:00,1,
Eagle_office_Randolph,power_active_kw,data_missing,2017-04-10 17:00:00,2017-04-10 17:00:00,1,
Eagle_office_Randolph,power_active_kw,stuck_sensor,2017-04-20 02:00:00,2017-04-20 14:00:00,13,value=83.59
Eagle_office_Randolph,power_active_kw,data_missing,2017-05-11 11:00:00,2017-05-11 11:00:00,1,
Eagle_office_Randolph,power_active_kw,data_missing,2017-07-12 15:00:00,2017-07-12 15:00:00,1,
Eagle_office_Randolph,power_active_kw,data_missing,2017-07-13 15:00:00,2017-07-13 15:00:00,1,
Eagle_office_Randolph,power_active_kw,stuck_sensor,2017-07-19 04:00:00,2017-07-19 06:00:00,3,value=140.3
Eagle_office_Randolph,power_active_kw,stuck_sensor,2017-07-19 07:00:00,2017-07-19 09:00:00,3,value=140.4
Eagle_office_Randolph,power_active_kw,data_missing,2017-08-24 13:00:00,2017-08-24 17:00:00,5,
Eagle_office_Randolph,power_active_kw,data_missing,2017-09-26 14:00:00,2017-09-26 14:00:00,1,
Eagle_office_Sonya,power_active_kw,data_missing,2016-01-13 23:00:00,2016-01-13 23:00:00,1,
Eagle_office_Sonya,power_active_kw,stuck_sensor,2016-01-20 13:00:00,2016-01-20 15:00:00,3,value=213
Eagle_office_Sonya,power_active_kw,data_missing,2016-01-28 06:00:00,2016-01-28 06:00:00,1,
Eagle_office_Sonya,power_active_kw,data_missing,2016-03-09 21:00:00,2016-03-09 21:00:00,1,
Eagle_office_Sonya,power_active_kw,stuck_sensor,2016-03-10 23:00:00,2016-03-11 01:00:00,3,value=192
Eagle_office_Sonya,power_active_kw,data_missing,2016-03-16 13:00:00,2016-03-16 13:00:00,1,
Eagle_office_Sonya,power_active_kw,stuck_sensor,2016-03-19 21:00:00,2016-03-20 00:00:00,4,value=190
Eagle_office_Sonya,power_active_kw,stuck_sensor,2016-03-22 21:00:00,2016-03-23 09:00:00,13,value=242
Eagle_office_Sonya,power_active_kw,stuck_sensor,2016-04-16 12:00:00,2016-04-16 16:00:00,5,value=204
Eagle_office_Sonya,power_active_kw,stuck_sensor,2016-05-15 06:00:00,2016-05-15 08:00:00,3,value=133
Eagle_office_Sonya,power_active_kw,stuck_sensor,2016-05-23 04:00:00,2016-05-23 07:00:00,4,value=138
Eagle_office_Sonya,power_active_kw,data_missing,2016-05-26 14:00:00,2016-05-26 14:00:00,1,
Eagle_office_Sonya,power_active_kw,stuck_sensor,2016-06-15 17:00:00,2016-06-15 19:00:00,3,value=222
Eagle_office_Sonya,power_active_kw,stuck_sensor,2016-06-27 07:00:00,2016-06-27 09:00:00,3,value=143
Eagle_office_Sonya,power_active_kw,data_missing,2016-06-28 23:00:00,2016-06-29 21:00:00,23,
Eagle_office_Sonya,power_active_kw,stuck_sensor,2016-06-30 23:00:00,2016-07-01 10:00:00,12,value=182
Eagle_office_Sonya,power_active_kw,stuck_sensor,2016-07-01 11:00:00,2016-07-01 22:00:00,12,value=208
Eagle_office_Sonya,power_active_kw,data_missing,2016-07-01 23:00:00,2016-07-02 22:00:00,24,
Eagle_office_Sonya,power_active_kw,data_missing,2016-07-05 23:00:00,2016-07-05 23:00:00,1,
Eagle_office_Sonya,power_active_kw,stuck_sensor,2016-07-15 00:00:00,2016-07-15 02:00:00,3,value=188
Eagle_office_Sonya,power_active_kw,stuck_sensor,2016-07-16 05:00:00,2016-07-18 18:00:00,62,value=133
Eagle_office_Sonya,power_active_kw,stuck_sensor,2016-07-18 19:00:00,2016-07-19 10:00:00,16,value=224
Eagle_office_Sonya,power_active_kw,data_missing,2016-07-19 13:00:00,2016-07-19 13:00:00,1,
Eagle_office_Sonya,power_active_kw,stuck_sensor,2016-07-24 04:00:00,2016-07-24 06:00:00,3,value=144
Eagle_office_Sonya,power_active_kw,data_missing,2016-07-25 23:00:00,2016-07-27 15:00:00,41,
Eagle_office_Sonya,power_active_kw,data_missing,2016-08-01 14:00:00,2016-08-01 18:00:00,5,
Eagle_office_Sonya,power_active_kw,stuck_sensor,2016-08-11 12:00:00,2016-08-11 14:00:00,3,value=227
Eagle_office_Sonya,power_active_kw,stuck_sensor,2016-08-11 15:00:00,2016-08-11 17:00:00,3,value=222
Eagle_office_Sonya,power_active_kw,data_missing,2016-08-11 18:00:00,2016-08-11 18:00:00,1,
Eagle_office_Sonya,power_active_kw,data_missing,2016-08-19 14:00:00,2016-08-19 14:00:00,1,
Eagle_office_Sonya,power_active_kw,data_missing,2016-08-24 23:00:00,2016-08-25 22:00:00,24,
Eagle_office_Sonya,power_active_kw,stuck_sensor,2016-09-02 06:00:00,2016-09-02 08:00:00,3,value=141
Eagle_office_Sonya,power_active_kw,stuck_sensor,2016-09-03 17:00:00,2016-09-03 19:00:00,3,value=184
Eagle_office_Sonya,power_active_kw,data_missing,2016-09-15 08:00:00,2016-09-15 08:00:00,1,
Eagle_office_Sonya,power_active_kw,stuck_sensor,2016-09-19 12:00:00,2016-09-19 14:00:00,3,value=207
Eagle_office_Sonya,power_active_kw,stuck_sensor,2016-09-26 16:00:00,2016-09-26 18:00:00,3,value=219
Eagle_office_Sonya,power_active_kw,stuck_sensor,2016-10-02 04:00:00,2016-10-02 06:00:00,3,value=118
Eagle_office_Sonya,power_active_kw,stuck_sensor,2016-10-12 17:00:00,2016-10-12 19:00:00,3,value=241
Eagle_office_Sonya,power_active_kw,stuck_sensor,2016-10-29 21:00:00,2016-10-29 23:00:00,3,value=189
Eagle_office_Sonya,power_active_kw,stuck_sensor,2016-12-01 06:00:00,2016-12-01 13:00:00,8,value=132
Eagle_office_Sonya,power_active_kw,data_missing,2016-12-08 15:00:00,2016-12-09 14:00:00,24,
Eagle_office_Sonya,power_active_kw,data_missing,2016-12-09 16:00:00,2016-12-09 18:00:00,3,
Eagle_office_Sonya,power_active_kw,stuck_sensor,2016-12-10 07:00:00,2016-12-10 09:00:00,3,value=152
Eagle_office_Sonya,power_active_kw,stuck_sensor,2016-12-11 05:00:00,2016-12-11 07:00:00,3,value=149
Eagle_office_Sonya,power_active_kw,stuck_sensor,2017-01-01 18:00:00,2017-01-01 21:00:00,4,value=157
Eagle_office_Sonya,power_active_kw,data_missing,2017-01-17 12:00:00,2017-01-17 12:00:00,1,
Eagle_office_Sonya,power_active_kw,data_missing,2017-01-31 19:00:00,2017-01-31 19:00:00,1,
Eagle_office_Sonya,power_active_kw,stuck_sensor,2017-02-05 00:00:00,2017-02-05 02:00:00,3,value=176
Eagle_office_Sonya,power_active_kw,stuck_sensor,2017-02-13 08:00:00,2017-02-13 10:00:00,3,value=140
Eagle_office_Sonya,power_active_kw,stuck_sensor,2017-03-25 05:00:00,2017-03-25 07:00:00,3,value=121
Eagle_office_Sonya,power_active_kw,data_missing,2017-04-01 11:00:00,2017-04-01 21:00:00,11,
Eagle_office_Sonya,power_active_kw,data_missing,2017-04-06 18:00:00,2017-04-06 18:00:00,1,
Eagle_office_Sonya,power_active_kw,stuck_sensor,2017-04-08 04:00:00,2017-04-08 06:00:00,3,value=169
Eagle_office_Sonya,power_active_kw,stuck_sensor,2017-04-20 02:00:00,2017-04-20 14:00:00,13,value=190
Eagle_office_Sonya,power_active_kw,stuck_sensor,2017-05-04 07:00:00,2017-05-04 09:00:00,3,value=121
Eagle_office_Sonya,power_active_kw,data_missing,2017-05-25 05:00:00,2017-05-25 05:00:00,1,
Eagle_office_Sonya,power_active_kw,stuck_sensor,2017-05-29 23:00:00,2017-05-30 01:00:00,3,value=191
Eagle_office_Sonya,power_active_kw,stuck_sensor,2017-05-30 23:00:00,2017-05-31 01:00:00,3,value=200
Eagle_office_Sonya,power_active_kw,stuck_sensor,2017-06-01 14:00:00,2017-06-01 16:00:00,3,value=215
Eagle_office_Sonya,power_active_kw,stuck_sensor,2017-06-08 05:00:00,2017-06-08 07:00:00,3,value=144
Eagle_office_Sonya,power_active_kw,data_missing,2017-06-16 11:00:00,2017-06-16 11:00:00,1,
Eagle_office_Sonya,power_active_kw,stuck_sensor,2017-06-23 18:00:00,2017-06-23 20:00:00,3,value=221
Eagle_office_Sonya,power_active_kw,data_missing,2017-07-06 06:00:00,2017-07-06 06:00:00,1,
Eagle_office_Sonya,power_active_kw,data_missing,2017-07-12 15:00:00,2017-07-12 15:00:00,1,
Eagle_office_Sonya,power_active_kw,data_missing,2017-07-12 20:00:00,2017-07-12 20:00:00,1,
Eagle_office_Sonya,power_active_kw,data_missing,2017-07-13 15:00:00,2017-07-13 15:00:00,1,
Eagle_office_Sonya,power_active_kw,data_missing,2017-07-20 18:00:00,2017-07-20 19:00:00,2,
Eagle_office_Sonya,power_active_kw,stuck_sensor,2017-07-23 05:00:00,2017-07-23 07:00:00,3,value=139
Eagle_office_Sonya,power_active_kw,stuck_sensor,2017-07-24 04:00:00,2017-07-24 07:00:00,4,value=138
Eagle_office_Sonya,power_active_kw,stuck_sensor,2017-07-25 14:00:00,2017-07-25 16:00:00,3,value=233
Eagle_office_Sonya,power_active_kw,data_missing,2017-08-29 20:00:00,2017-08-29 20:00:00,1,
Eagle_office_Sonya,power_active_kw,stuck_sensor,2017-08-31 05:00:00,2017-08-31 08:00:00,4,value=126
Eagle_office_Sonya,power_active_kw,stuck_sensor,2017-09-01 21:00:00,2017-09-01 23:00:00,3,value=186
Eagle_office_Sonya,power_active_kw,data_missing,2017-09-25 20:00:00,2017-09-25 20:00:00,1,
Eagle_office_Sonya,power_active_kw,data_missing,2017-09-26 14:00:00,2017-09-26 14:00:00,1,
Eagle_office_Sonya,power_active_kw,stuck_sensor,2017-11-12 08:00:00,2017-11-12 10:00:00,3,value=182
Eagle_office_Sonya,power_active_kw,stuck_sensor,2017-12-08 13:00:00,2017-12-08 15:00:00,3,value=201
Eagle_office_Sonya,power_active_kw,stuck_sensor,2017-12-20 00:00:00,2017-12-20 02:00:00,3,value=176
Eagle_office_Yadira,power_active_kw,data_missing,2016-01-13 23:00:00,2016-01-13 23:00:00,1,
Eagle_office_Yadira,power_active_kw,data_missing,2016-01-28 06:00:00,2016-01-28 06:00:00,1,
Eagle_office_Yadira,power_active_kw,data_missing,2016-03-09 21:00:00,2016-03-09 21:00:00,1,
Eagle_office_Yadira,power_active_kw,data_missing,2016-03-16 13:00:00,2016-03-16 13:00:00,1,
Eagle_office_Yadira,power_active_kw,stuck_sensor,2016-03-19 21:00:00,2016-03-20 00:00:00,4,value=138.6
Eagle_office_Yadira,power_active_kw,stuck_sensor,2016-03-22 21:00:00,2016-03-23 09:00:00,13,value=228
Eagle_office_Yadira,power_active_kw,stuck_sensor,2016-04-16 12:00:00,2016-04-16 16:00:00,5,value=127.7
Eagle_office_Yadira,power_active_kw,data_missing,2016-05-26 14:00:00,2016-05-26 14:00:00,1,
Eagle_office_Yadira,power_active_kw,data_missing,2016-06-28 23:00:00,2016-06-29 20:00:00,22,
Eagle_office_Yadira,power_active_kw,stuck_sensor,2016-06-30 23:00:00,2016-07-01 10:00:00,12,value=135.8
Eagle_office_Yadira,power_active_kw,stuck_sensor,2016-07-01 11:00:00,2016-07-01 22:00:00,12,value=130
Eagle_office_Yadira,power_active_kw,data_missing,2016-07-01 23:00:00,2016-07-02 22:00:00,24,
Eagle_office_Yadira,power_active_kw,data_missing,2016-07-05 23:00:00,2016-07-05 23:00:00,1,
Eagle_office_Yadira,power_active_kw,stuck_sensor,2016-07-16 05:00:00,2016-07-18 18:00:00,62,value=80.74
Eagle_office_Yadira,power_active_kw,stuck_sensor,2016-07-18 19:00:00,2016-07-19 10:00:00,16,value=160
Eagle_office_Yadira,power_active_kw,data_missing,2016-07-19 13:00:00,2016-07-19 13:00:00,1,
Eagle_office_Yadira,power_active_kw,data_missing,2016-07-25 23:00:00,2016-07-27 15:00:00,41,
Eagle_office_Yadira,power_active_kw,stuck_sensor,2016-08-01 14:00:00,2016-08-01 18:00:00,5,value=98
Eagle_office_Yadira,power_active_kw,stuck_sensor,2016-08-11 12:00:00,2016-08-11 14:00:00,3,value=123.3
Eagle_office_Yadira,power_active_kw,stuck_sensor,2016-08-11 15:00:00,2016-08-11 17:00:00,3,value=144.3
Eagle_office_Yadira,power_active_kw,data_missing,2016-08-11 18:00:00,2016-08-11 18:00:00,1,
Eagle_office_Yadira,power_active_kw,data_missing,2016-08-19 14:00:00,2016-08-19 14:00:00,1,
Eagle_office_Yadira,power_active_kw,stuck_sensor,2016-08-24 23:00:00,2016-08-25 22:00:00,24,value=116
Eagle_office_Yadira,power_active_kw,data_missing,2016-09-07 21:00:00,2016-09-07 21:00:00,1,
Eagle_office_Yadira,power_active_kw,data_missing,2016-09-15 08:00:00,2016-09-15 08:00:00,1,
Eagle_office_Yadira,power_active_kw,stuck_sensor,2016-10-12 17:00:00,2016-10-12 19:00:00,3,value=223.9
Eagle_office_Yadira,power_active_kw,data_missing,2016-12-01 07:00:00,2016-12-01 13:00:00,7,
Eagle_office_Yadira,power_active_kw,data_missing,2016-12-08 15:00:00,2016-12-09 11:00:00,21,
Eagle_office_Yadira,power_active_kw,data_missing,2016-12-09 13:00:00,2016-12-09 13:00:00,1,
Eagle_office_Yadira,power_active_kw,data_missing,2016-12-09 16:00:00,2016-12-09 18:00:00,3,
Eagle_office_Yadira,power_active_kw,data_missing,2017-01-17 12:00:00,2017-01-17 12:00:00,1,
Eagle_office_Yadira,power_active_kw,data_missing,2017-04-01 11:00:00,2017-04-01 21:00:00,11,
Eagle_office_Yadira,power_active_kw,data_missing,2017-04-06 18:00:00,2017-04-06 18:00:00,1,
Eagle_office_Yadira,power_active_kw,data_missing,2017-04-20 03:00:00,2017-04-20 14:00:00,12,
Eagle_office_Yadira,power_active_kw,data_missing,2017-05-25 05:00:00,2017-05-25 05:00:00,1,
Eagle_office_Yadira,power_active_kw,data_missing,2017-06-16 11:00:00,2017-06-16 11:00:00,1,
Eagle_office_Yadira,power_active_kw,data_missing,2017-07-06 06:00:00,2017-07-06 06:00:00,1,
Eagle_office_Yadira,power_active_kw,data_missing,2017-07-12 15:00:00,2017-07-12 15:00:00,1,
Eagle_office_Yadira,power_active_kw,data_missing,2017-07-12 20:00:00,2017-07-12 20:00:00,1,
Eagle_office_Yadira,power_active_kw,data_missing,2017-07-13 15:00:00,2017-07-13 15:00:00,1,
Eagle_office_Yadira,power_active_kw,data_missing,2017-07-15 13:00:00,2017-07-15 14:00:00,2,
Eagle_office_Yadira,power_active_kw,data_missing,2017-07-20 18:00:00,2017-07-20 19:00:00,2,
Eagle_office_Yadira,power_active_kw,data_missing,2017-07-31 15:00:00,2017-07-31 15:00:00,1,
Eagle_office_Yadira,power_active_kw,data_missing,2017-08-02 16:00:00,2017-08-02 16:00:00,1,
Eagle_office_Yadira,power_active_kw,data_missing,2017-08-29 20:00:00,2017-08-29 20:00:00,1,
Eagle_office_Yadira,power_active_kw,data_missing,2017-09-25 20:00:00,2017-09-25 20:00:00,1,
Eagle_office_Yadira,power_active_kw,data_missing,2017-09-26 14:00:00,2017-09-26 14:00:00,1,
Eagle_office_Yadira,power_active_kw,data_missing,2017-10-26 13:00:00,2017-10-26 13:00:00,1,
Eagle_office_Yadira,power_active_kw,data_missing,2017-12-31 03:00:00,2017-12-31 17:00:00,15,
Fox_office_Alice,power_active_kw,data_missing,2016-03-23 16:00:00,2016-03-23 16:00:00,1,
Fox_office_Alice,power_active_kw,data_missing,2016-05-23 02:00:00,2016-05-23 02:00:00,1,
Fox_office_Alice,power_active_kw,data_missing,2017-04-09 12:00:00,2017-04-09 12:00:00,1,
Fox_office_Alice,power_active_kw,data_missing,2017-12-28 05:00:00,2017-12-28 05:00:00,1,
Fox_office_Berniece,power_active_kw,data_missing,2016-03-23 16:00:00,2016-03-23 16:00:00,1,
Fox_office_Berniece,power_active_kw,data_missing,2016-04-16 07:00:00,2016-04-16 10:00:00,4,
Fox_office_Berniece,power_active_kw,data_missing,2016-05-09 02:00:00,2016-05-09 02:00:00,1,
Fox_office_Berniece,power_active_kw,data_missing,2016-05-16 07:00:00,2016-05-16 07:00:00,1,
Fox_office_Berniece,power_active_kw,data_missing,2016-05-23 02:00:00,2016-05-23 02:00:00,1,
Fox_office_Berniece,power_active_kw,data_missing,2017-05-14 06:00:00,2017-05-14 16:00:00,11,
Fox_office_Berniece,power_active_kw,data_missing,2017-11-13 11:00:00,2017-11-13 11:00:00,1,
Fox_office_Carson,power_active_kw,data_missing,2016-03-23 16:00:00,2016-03-23 16:00:00,1,
Fox_office_Carson,power_active_kw,data_missing,2016-05-23 02:00:00,2016-05-23 02:00:00,1,
Fox_office_Carson,power_active_kw,data_missing,2017-03-22 16:00:00,2017-03-22 16:00:00,1,
Fox_office_Carson,power_active_kw,data_missing,2017-12-28 05:00:00,2017-12-28 05:00:00,1,
Fox_office_Demetrius,power_active_kw,data_missing,2016-03-23 16:00:00,2016-03-23 16:00:00,1,
Fox_office_Demetrius,power_active_kw,data_missing,2016-05-09 02:00:00,2016-05-09 02:00:00,1,
Fox_office_Demetrius,power_active_kw,data_missing,2016-05-23 02:00:00,2016-05-23 02:00:00,1,
Fox_office_Demetrius,power_active_kw,data_missing,2017-04-09 12:00:00,2017-04-09 12:00:00,1,
Fox_office_Demetrius,power_active_kw,data_missing,2017-05-14 06:00:00,2017-05-14 16:00:00,11,
Fox_office_Demetrius,power_active_kw,data_missing,2017-12-28 05:00:00,2017-12-28 07:00:00,3,
Fox_office_Easter,power_active_kw,data_missing,2016-01-04 06:00:00,2016-01-04 07:00:00,2,
Fox_office_Easter,power_active_kw,data_missing,2016-01-06 06:00:00,2016-01-06 06:00:00,1,
Fox_office_Easter,power_active_kw,data_missing,2016-01-07 06:00:00,2016-01-07 06:00:00,1,
Fox_office_Easter,power_active_kw,data_missing,2016-01-08 06:00:00,2016-01-08 08:00:00,3,
Fox_office_Easter,power_active_kw,data_missing,2016-01-11 06:00:00,2016-01-11 09:00:00,4,
Fox_office_Easter,power_active_kw,data_missing,2016-01-12 06:00:00,2016-01-12 07:00:00,2,
Fox_office_Easter,power_active_kw,data_missing,2016-01-13 06:00:00,2016-01-13 07:00:00,2,
Fox_office_Easter,power_active_kw,data_missing,2016-01-14 06:00:00,2016-01-14 06:00:00,1,
Fox_office_Easter,power_active_kw,data_missing,2016-01-15 06:00:00,2016-01-15 06:00:00,1,
Fox_office_Easter,power_active_kw,data_missing,2016-01-18 06:00:00,2016-01-18 07:00:00,2,
Fox_office_Easter,power_active_kw,data_missing,2016-01-19 06:00:00,2016-01-19 07:00:00,2,
Fox_office_Easter,power_active_kw,data_missing,2016-01-25 06:00:00,2016-01-25 06:00:00,1,
Fox_office_Easter,power_active_kw,data_missing,2016-02-02 06:00:00,2016-02-02 07:00:00,2,
Fox_office_Easter,power_active_kw,data_missing,2016-02-03 06:00:00,2016-02-03 08:00:00,3,
Fox_office_Easter,power_active_kw,data_missing,2016-02-04 06:00:00,2016-02-04 08:00:00,3,
Fox_office_Easter,power_active_kw,data_missing,2016-02-05 06:00:00,2016-02-05 07:00:00,2,
Fox_office_Easter,power_active_kw,data_missing,2016-02-08 06:00:00,2016-02-08 06:00:00,1,
Fox_office_Easter,power_active_kw,data_missing,2016-03-23 16:00:00,2016-03-23 16:00:00,1,
Fox_office_Easter,power_active_kw,stuck_sensor,2016-05-25 22:00:00,2016-05-26 00:00:00,3,value=12.79
Fox_office_Easter,power_active_kw,data_missing,2016-12-05 06:00:00,2016-12-05 07:00:00,2,
Fox_office_Easter,power_active_kw,data_missing,2016-12-19 06:00:00,2016-12-19 08:00:00,3,
Fox_office_Easter,power_active_kw,data_missing,2016-12-26 06:00:00,2016-12-26 10:00:00,5,
Fox_office_Easter,power_active_kw,data_missing,2016-12-27 06:00:00,2016-12-27 08:00:00,3,
Fox_office_Easter,power_active_kw,data_missing,2016-12-28 06:00:00,2016-12-28 06:00:00,1,
Fox_office_Easter,power_active_kw,data_missing,2016-12-29 06:00:00,2016-12-29 06:00:00,1,
Fox_office_Easter,power_active_kw,data_missing,2017-01-02 06:00:00,2017-01-02 07:00:00,2,
Fox_office_Easter,power_active_kw,data_missing,2017-01-03 06:00:00,2017-01-03 08:00:00,3,
Fox_office_Easter,power_active_kw,data_missing,2017-01-04 06:00:00,2017-01-04 07:00:00,2,
Fox_office_Easter,power_active_kw,data_missing,2017-01-05 06:00:00,2017-01-05 06:00:00,1,
Fox_office_Easter,power_active_kw,data_missing,2017-01-09 06:00:00,2017-01-09 07:00:00,2,
Fox_office_Easter,power_active_kw,data_missing,2017-01-10 06:00:00,2017-01-10 06:00:00,1,
Fox_office_Easter,power_active_kw,data_missing,2017-01-16 06:00:00,2017-01-16 07:00:00,2,
Fox_office_Easter,power_active_kw,data_missing,2017-01-17 06:00:00,2017-01-17 07:00:00,2,
Fox_office_Easter,power_active_kw,data_missing,2017-01-18 06:00:00,2017-01-18 07:00:00,2,
Fox_office_Easter,power_active_kw,data_missing,2017-01-19 06:00:00,2017-01-19 06:00:00,1,
Fox_office_Easter,power_active_kw,data_missing,2017-01-20 06:00:00,2017-01-20 07:00:00,2,
Fox_office_Easter,power_active_kw,data_missing,2017-01-23 06:00:00,2017-01-23 08:00:00,3,
Fox_office_Easter,power_active_kw,data_missing,2017-01-24 06:00:00,2017-01-24 08:00:00,3,
Fox_office_Easter,power_active_kw,data_missing,2017-01-25 06:00:00,2017-01-25 08:00:00,3,
Fox_office_Easter,power_active_kw,data_missing,2017-01-25 11:00:00,2017-01-25 13:00:00,3,
Fox_office_Easter,power_active_kw,data_missing,2017-01-26 06:00:00,2017-01-26 08:00:00,3,
Fox_office_Easter,power_active_kw,data_missing,2017-01-27 06:00:00,2017-01-27 07:00:00,2,
Fox_office_Easter,power_active_kw,data_missing,2017-01-30 06:00:00,2017-01-30 08:00:00,3,
Fox_office_Easter,power_active_kw,data_missing,2017-01-31 06:00:00,2017-01-31 07:00:00,2,
Fox_office_Easter,power_active_kw,data_missing,2017-02-01 06:00:00,2017-02-01 06:00:00,1,
Fox_office_Easter,power_active_kw,data_missing,2017-02-06 06:00:00,2017-02-06 06:00:00,1,
Fox_office_Easter,power_active_kw,data_missing,2017-02-20 06:00:00,2017-02-20 07:00:00,2,
Fox_office_Easter,power_active_kw,data_missing,2017-02-24 06:00:00,2017-02-24 07:00:00,2,
Fox_office_Easter,power_active_kw,data_missing,2017-02-27 06:00:00,2017-02-27 08:00:00,3,
Fox_office_Easter,power_active_kw,data_missing,2017-03-01 06:00:00,2017-03-01 06:00:00,1,
Fox_office_Easter,power_active_kw,data_missing,2017-11-22 11:00:00,2017-11-22 11:00:00,1,
Fox_office_Easter,power_active_kw,data_missing,2017-11-22 14:00:00,2017-11-22 15:00:00,2,
Fox_office_Easter,power_active_kw,data_missing,2017-12-25 06:00:00,2017-12-25 08:00:00,3,
Fox_office_Easter,power_active_kw,data_missing,2017-12-26 06:00:00,2017-12-26 07:00:00,2,
Fox_office_Edythe,power_active_kw,data_missing,2016-03-23 16:00:00,2016-03-23 16:00:00,1,
Fox_office_Edythe,power_active_kw,data_missing,2017-12-28 07:00:00,2017-12-28 07:00:00,1,
